Beginning,Middle,End,Zero Dollar,Beg-Percentage,Mid-Percentage,End-Percentage,Zero-Percentage,
None,55,None,2970,0,100,0,5319
None,None,None,None,0,0,0,0
None,10,None,None,0,100,0,0
None,None,None,None,0,0,0,0
None,None,None,None,0,0,0,0
None,None,None,None,0,0,0,0
None,None,None,None,0,0,0,0
None,None,None,None,0,0,0,0
None,None,None,None,0,0,0,0
None,None,None,None,0,0,0,0
None,None,None,None,0,0,0,0
None,None,None,None,0,0,0,0
None,None,None,None,0,0,0,0
None,None,None,None,0,0,0,0
None,5,None,None,0,100,0,0
None,None,None,None,0,0,0,0
None,None,None,None,0,0,0,0
None,None,None,None,0,0,0,0
None,None,None,None,0,0,0,0
None,None,None,None,0,0,0,0
None,None,None,None,0,0,0,0
183,None,None,None,100,0,0,0
None,None,None,None,0,0,0,0
90,None,165,None,35,0,64,0
None,None,None,None,0,0,0,0
106,None,None,None,100,0,0,0
None,None,None,None,0,0,0,0
57,None,None,None,100,0,0,0
None,None,None,None,0,0,0,0
None,None,None,None,0,0,0,0
6,None,None,None,100,0,0,0
None,None,None,None,0,0,0,0
527,385,155,1,49,36,14,0
48,304,129,None,10,63,26,0
None,None,None,None,0,0,0,0
None,28,None,None,0,100,0,0
None,None,None,None,0,0,0,0
None,None,170,None,0,0,100,0
None,None,None,None,0,0,0,0
None,None,69,None,0,0,100,0
None,None,None,None,0,0,0,0
None,3,38,None,0,7,92,0
None,None,None,None,0,0,0,0
None,None,None,None,0,0,0,0
None,87,None,None,0,100,0,0
None,None,None,None,0,0,0,0
None,58,None,None,0,100,0,0
None,None,None,None,0,0,0,0
None,None,None,None,0,0,0,0
None,None,3,None,0,0,100,0
None,None,None,None,0,0,0,0
None,None,None,None,0,0,0,0
None,None,None,None,0,0,0,0
18,138,84,None,7,57,34,0
None,275,29,None,0,90,9,0
None,None,None,None,0,0,0,0
None,None,None,None,0,0,0,0
None,17,54,None,0,24,75,0
None,None,None,None,0,0,0,0
None,None,None,None,0,0,0,0
None,None,None,None,0,0,0,0
None,None,None,None,0,0,0,0
None,None,None,None,0,0,0,0
None,None,None,None,0,0,0,0
None,None,None,None,0,0,0,0
None,None,None,None,0,0,0,0
None,None,None,None,0,0,0,0
None,None,None,None,0,0,0,0
88,None,None,None,100,0,0,0
None,None,None,None,0,0,0,0
239,73,364,None,35,10,53,0
None,None,None,None,0,0,0,0
None,None,None,None,0,0,0,0
None,121,None,None,0,100,0,0
None,None,None,None,0,0,0,0
None,None,None,None,0,0,0,0
None,None,None,None,0,0,0,0
None,None,None,None,0,0,0,0
None,None,43,1,0,0,100,2
None,None,None,None,0,0,0,0
None,None,None,None,0,0,0,0
None,None,None,1,0,0,0,2147483647
None,None,None,None,0,0,0,0
None,None,None,None,0,0,0,0
None,None,None,None,0,0,0,0
None,150,3,None,0,97,2,0
26,None,15,None,62,0,37,0
None,None,None,None,0,0,0,0
None,None,None,None,0,0,0,0
None,None,None,None,0,0,0,0
None,None,None,None,0,0,0,0
None,None,10,None,0,0,100,0
1367,1042,168,None,53,40,6,0
None,None,None,None,0,0,0,0
None,76,126,None,0,37,62,0
None,None,None,None,0,0,0,0
None,None,None,None,0,0,0,0
None,None,None,None,0,0,0,0
None,None,None,None,0,0,0,0
None,None,None,None,0,0,0,0
None,None,None,None,0,0,0,0
149,None,None,None,100,0,0,0
None,None,None,None,0,0,0,0
454,376,282,None,40,33,25,0
None,None,202,None,0,0,100,0
None,None,None,None,0,0,0,0
None,None,None,None,0,0,0,0
None,None,None,None,0,0,0,0
None,None,None,None,0,0,0,0
None,137,91,None,0,60,39,0
None,None,None,None,0,0,0,0
119,17,347,None,24,3,71,0
None,None,None,None,0,0,0,0
31,59,None,None,35,64,0,0
None,None,None,None,0,0,0,0
None,None,None,None,0,0,0,0
None,None,None,None,0,0,0,0
None,None,None,None,0,0,0,0
None,None,None,None,0,0,0,0
None,None,None,None,0,0,0,0
None,4,69,None,0,6,93,0
None,None,None,None,0,0,0,0
475,545,775,None,26,30,43,0
198,None,174,None,53,0,46,0
None,None,None,None,0,0,0,0
None,None,5,None,0,0,100,0
None,None,None,None,0,0,0,0
None,None,14,None,0,0,100,0
76,None,None,None,100,0,0,0
35,None,230,None,13,0,86,0
None,None,None,None,0,0,0,0
180,None,None,None,100,0,0,0
None,None,None,None,0,0,0,0
None,None,None,None,0,0,0,0
None,None,None,None,0,0,0,0
13,194,25,None,5,83,10,0
41,134,17,None,21,69,9,0
None,None,None,None,0,0,0,0
65,75,119,None,25,29,45,0
None,None,None,None,0,0,0,0
801,853,867,2,31,33,34,0
None,None,None,None,0,0,0,0
None,None,None,None,0,0,0,0
59,102,127,None,20,35,44,0
None,None,None,None,0,0,0,0
None,None,None,None,0,0,0,0
None,None,None,None,0,0,0,0
None,None,None,None,0,0,0,0
None,None,56,None,0,0,100,0
None,None,None,None,0,0,0,0
None,None,None,None,0,0,0,0
None,None,None,None,0,0,0,0
None,None,None,None,0,0,0,0
None,84,98,1,0,46,53,0
None,None,None,None,0,0,0,0
None,None,None,None,0,0,0,0
None,None,None,None,0,0,0,0
None,None,None,None,0,0,0,0
None,None,None,None,0,0,0,0
None,None,None,None,0,0,0,0
472,147,227,None,55,17,26,0
None,None,None,None,0,0,0,0
None,None,None,None,0,0,0,0
None,92,None,None,0,100,0,0
None,None,35,None,0,0,100,0
None,None,None,None,0,0,0,0
65,None,None,None,100,0,0,0
None,None,None,None,0,0,0,0
None,282,120,None,0,70,29,0
None,None,None,None,0,0,0,0
None,None,None,None,0,0,0,0
None,None,None,None,0,0,0,0
None,None,None,None,0,0,0,0
None,None,None,None,0,0,0,0
125,231,423,None,16,29,54,0
None,None,None,None,0,0,0,0
None,None,None,None,0,0,0,0
None,48,34,None,0,58,41,0
None,24,None,None,0,100,0,0
None,None,None,None,0,0,0,0
None,None,97,None,0,0,100,0
None,None,None,None,0,0,0,0
42,30,85,None,26,19,54,0
None,None,None,None,0,0,0,0
None,None,53,None,0,0,100,0
None,None,None,None,0,0,0,0
None,None,41,None,0,0,100,0
None,None,None,None,0,0,0,0
None,None,None,None,0,0,0,0
106,37,98,None,43,15,40,0
None,None,None,None,0,0,0,0
None,None,None,None,0,0,0,0
None,None,None,None,0,0,0,0
None,None,None,None,0,0,0,0
None,None,None,None,0,0,0,0
91,29,None,None,75,24,0,0
None,None,None,1,0,0,0,2147483647
None,None,None,None,0,0,0,0
None,None,None,None,0,0,0,0
None,None,None,None,0,0,0,0
39,86,97,None,17,38,43,0
None,None,None,None,0,0,0,0
15,270,83,None,4,73,22,0
None,18,None,None,0,100,0,0
None,None,None,None,0,0,0,0
72,15,None,None,82,17,0,0
None,None,None,None,0,0,0,0
None,None,None,None,0,0,0,0
None,55,None,None,0,100,0,0
None,None,None,None,0,0,0,0
None,None,None,None,0,0,0,0
3,None,None,None,100,0,0,0
None,None,None,None,0,0,0,0
None,None,None,None,0,0,0,0
None,None,None,None,0,0,0,0
None,None,None,None,0,0,0,0
51,62,26,None,36,44,18,0
165,66,23,1,64,25,9,0
49,None,58,None,45,0,54,0
None,60,None,None,0,100,0,0
None,None,None,None,0,0,0,0
31,50,215,None,10,16,72,0
None,None,None,None,0,0,0,0
7,None,None,None,100,0,0,0
None,None,None,None,0,0,0,0
None,None,None,None,0,0,0,0
None,84,None,None,0,100,0,0
None,None,None,None,0,0,0,0
None,None,None,None,0,0,0,0
None,None,None,None,0,0,0,0
None,117,569,None,0,17,82,0
31,32,62,None,25,25,49,0
None,None,None,None,0,0,0,0
None,None,None,None,0,0,0,0
None,None,None,None,0,0,0,0
None,None,None,None,0,0,0,0
None,None,None,None,0,0,0,0
542,637,658,None,29,34,35,0
None,None,None,None,0,0,0,0
None,None,None,None,0,0,0,0
None,None,None,None,0,0,0,0
None,33,None,None,0,100,0,0
None,None,None,None,0,0,0,0
None,None,None,None,0,0,0,0
None,None,None,None,0,0,0,0
None,None,None,None,0,0,0,0
None,None,42,None,0,0,100,0
None,None,None,None,0,0,0,0
None,None,None,None,0,0,0,0
None,None,None,None,0,0,0,0
None,None,None,None,0,0,0,0
None,None,10,None,0,0,100,0
None,None,None,None,0,0,0,0
None,None,47,None,0,0,100,0
None,57,173,None,0,24,75,0
None,None,None,None,0,0,0,0
None,None,None,None,0,0,0,0
None,None,None,None,0,0,0,0
None,None,None,None,0,0,0,0
None,26,None,None,0,100,0,0
None,None,None,None,0,0,0,0
None,None,None,None,0,0,0,0
6,None,None,None,100,0,0,0
91,389,714,2,7,32,59,0
None,None,None,None,0,0,0,0
None,None,None,None,0,0,0,0
None,None,None,None,0,0,0,0
156,113,None,None,57,42,0,0
None,None,None,None,0,0,0,0
None,None,None,None,0,0,0,0
None,60,78,None,0,43,56,0
None,None,None,None,0,0,0,0
None,None,None,None,0,0,0,0
None,None,None,None,0,0,0,0
None,None,None,None,0,0,0,0
None,None,None,None,0,0,0,0
None,None,None,None,0,0,0,0
26,86,64,1,14,48,36,0
None,None,None,None,0,0,0,0
None,None,None,None,0,0,0,0
95,240,141,None,20,50,29,0
None,None,None,None,0,0,0,0
None,None,None,None,0,0,0,0
None,None,None,None,0,0,0,0
None,None,40,1,0,0,100,2
None,None,None,None,0,0,0,0
None,17,87,1,0,16,83,0
None,8,None,None,0,100,0,0
None,39,None,1,0,100,0,2
None,None,None,None,0,0,0,0
None,None,None,None,0,0,0,0
None,None,None,None,0,0,0,0
None,None,65,None,0,0,100,0
None,None,None,None,0,0,0,0
None,None,None,None,0,0,0,0
None,None,None,None,0,0,0,0
None,54,None,None,0,100,0,0
None,None,None,None,0,0,0,0
None,None,None,None,0,0,0,0
None,None,None,None,0,0,0,0
69,170,153,None,17,43,39,0
None,79,None,None,0,100,0,0
None,None,None,None,0,0,0,0
34,199,354,2,5,33,60,0
None,None,None,None,0,0,0,0
None,None,26,None,0,0,100,0
None,None,None,None,0,0,0,0
None,None,None,None,0,0,0,0
None,None,None,None,0,0,0,0
None,None,None,None,0,0,0,0
None,None,None,None,0,0,0,0
None,None,None,None,0,0,0,0
None,None,None,None,0,0,0,0
None,116,90,None,0,56,43,0
None,None,None,None,0,0,0,0
None,None,None,None,0,0,0,0
None,None,None,None,0,0,0,0
None,None,None,None,0,0,0,0
None,None,None,None,0,0,0,0
216,215,421,None,25,25,49,0
None,None,None,None,0,0,0,0
None,None,None,None,0,0,0,0
198,98,None,None,66,33,0,0
None,None,None,None,0,0,0,0
None,None,None,None,0,0,0,0
None,None,None,None,0,0,0,0
None,None,None,None,0,0,0,0
None,None,None,None,0,0,0,0
None,None,None,None,0,0,0,0
None,None,None,None,0,0,0,0
None,None,None,None,0,0,0,0
None,None,None,None,0,0,0,0
None,None,None,None,0,0,0,0
None,None,None,None,0,0,0,0
None,None,None,None,0,0,0,0
None,None,212,None,0,0,100,0
None,None,None,None,0,0,0,0
41,24,37,None,40,23,35,0
None,None,None,None,0,0,0,0
None,80,None,None,0,100,0,0
None,None,None,None,0,0,0,0
130,77,264,None,27,16,56,0
419,165,155,None,56,22,20,0
None,None,None,None,0,0,0,0
None,None,None,None,0,0,0,0
None,None,None,None,0,0,0,0
None,None,None,None,0,0,0,0
172,76,None,None,69,30,0,0
100,None,None,None,100,0,0,0
None,None,None,None,0,0,0,0
None,None,None,None,0,0,0,0
None,21,None,None,0,100,0,0
None,None,None,None,0,0,0,0
None,None,None,None,0,0,0,0
None,None,None,None,0,0,0,0
68,None,None,None,100,0,0,0
None,None,None,None,0,0,0,0
None,None,None,None,0,0,0,0
71,None,None,None,100,0,0,0
60,None,39,None,60,0,39,0
None,None,None,None,0,0,0,0
98,50,None,None,66,33,0,0
None,None,None,None,0,0,0,0
87,112,335,None,16,21,62,0
None,None,None,None,0,0,0,0
37,None,33,1,52,0,47,1
None,None,None,None,0,0,0,0
27,47,59,None,20,35,44,0
None,None,None,None,0,0,0,0
None,None,None,None,0,0,0,0
None,None,None,None,0,0,0,0
None,None,None,None,0,0,0,0
None,None,None,None,0,0,0,0
None,269,None,None,0,100,0,0
None,None,None,None,0,0,0,0
628,299,196,1,55,26,17,0
139,529,317,None,14,53,32,0
None,None,None,None,0,0,0,0
200,131,None,None,60,39,0,0
None,None,None,None,0,0,0,0
None,None,None,None,0,0,0,0
None,None,None,None,0,0,0,0
None,None,None,None,0,0,0,0
45,25,10,None,55,31,13,0
None,None,None,None,0,0,0,0
None,None,None,None,0,0,0,0
None,None,None,None,0,0,0,0
None,None,None,None,0,0,0,0
None,None,None,None,0,0,0,0
None,None,44,None,0,0,100,0
None,194,None,None,0,100,0,0
None,None,None,None,0,0,0,0
None,None,None,None,0,0,0,0
None,None,None,None,0,0,0,0
None,None,None,None,0,0,0,0
573,108,257,None,61,11,27,0
None,None,None,None,0,0,0,0
32,99,50,None,17,54,27,0
137,266,61,None,29,57,13,0
None,None,None,None,0,0,0,0
275,104,369,None,36,13,49,0
None,None,None,None,0,0,0,0
None,None,None,None,0,0,0,0
None,None,None,None,0,0,0,0
None,None,None,None,0,0,0,0
None,None,None,None,0,0,0,0
None,None,None,None,0,0,0,0
None,None,None,None,0,0,0,0
None,None,None,None,0,0,0,0
None,None,None,None,0,0,0,0
None,None,None,None,0,0,0,0
None,None,21,None,0,0,100,0
None,None,None,None,0,0,0,0
None,None,14,None,0,0,100,0
None,None,None,None,0,0,0,0
37,18,None,None,66,33,0,0
29,38,32,None,29,38,32,0
None,None,None,None,0,0,0,0
None,None,None,None,0,0,0,0
None,None,32,None,0,0,100,0
None,None,None,None,0,0,0,0
31,None,16,None,66,0,33,0
None,None,None,None,0,0,0,0
None,None,None,None,0,0,0,0
None,None,None,None,0,0,0,0
82,29,None,None,73,26,0,0
289,80,406,1,37,10,52,0
None,None,None,None,0,0,0,0
None,None,None,None,0,0,0,0
None,None,None,None,0,0,0,0
None,None,None,None,0,0,0,0
None,None,None,None,0,0,0,0
None,None,None,None,0,0,0,0
None,139,None,None,0,100,0,0
None,228,161,3,0,58,41,0
None,34,None,None,0,100,0,0
None,None,82,None,0,0,100,0
None,None,None,None,0,0,0,0
None,None,None,None,0,0,0,0
None,None,None,None,0,0,0,0
None,None,None,None,0,0,0,0
None,None,None,None,0,0,0,0
48,115,None,None,29,70,0,0
None,None,None,None,0,0,0,0
None,None,None,None,0,0,0,0
None,None,None,None,0,0,0,0
None,None,None,None,0,0,0,0
None,270,29,None,0,90,9,0
None,None,None,None,0,0,0,0
None,None,38,None,0,0,100,0
None,None,None,None,0,0,0,0
None,None,None,None,0,0,0,0
None,None,None,None,0,0,0,0
None,None,None,None,0,0,0,0
None,None,None,None,0,0,0,0
None,None,None,None,0,0,0,0
None,None,None,None,0,0,0,0
None,111,None,None,0,100,0,0
None,None,None,None,0,0,0,0
None,65,None,None,0,100,0,0
None,None,None,None,0,0,0,0
None,None,None,None,0,0,0,0
None,61,8,None,0,87,12,0
None,None,None,None,0,0,0,0
None,None,8,None,0,0,100,0
None,None,None,None,0,0,0,0
None,None,None,None,0,0,0,0
None,4,None,None,0,100,0,0
435,300,513,None,34,24,41,0
None,None,None,None,0,0,0,0
None,None,None,None,0,0,0,0
None,None,None,None,0,0,0,0
None,None,9,None,0,0,100,0
383,209,241,None,45,25,28,0
None,None,None,None,0,0,0,0
None,None,None,None,0,0,0,0
None,None,None,None,0,0,0,0
274,250,559,None,25,23,51,0
None,None,None,None,0,0,0,0
None,None,41,None,0,0,100,0
49,103,55,4,23,49,26,1
None,None,None,None,0,0,0,0
None,None,None,None,0,0,0,0
None,None,None,None,0,0,0,0
36,None,40,None,47,0,52,0
None,None,None,None,0,0,0,0
None,None,None,None,0,0,0,0
None,None,None,None,0,0,0,0
519,421,184,None,46,37,16,0
69,66,None,1,51,48,0,0
None,None,None,None,0,0,0,0
None,None,None,None,0,0,0,0
None,None,None,None,0,0,0,0
None,None,None,None,0,0,0,0
None,None,None,None,0,0,0,0
None,None,None,None,0,0,0,0
None,None,None,None,0,0,0,0
None,None,481,None,0,0,100,0
9,None,None,None,100,0,0,0
None,None,None,None,0,0,0,0
None,None,None,None,0,0,0,0
93,151,114,None,26,42,31,0
None,None,None,None,0,0,0,0
56,67,9,None,42,50,6,0
None,None,None,1,0,0,0,2147483647
None,None,None,None,0,0,0,0
15,38,64,None,13,32,54,0
None,None,None,None,0,0,0,0
None,None,None,None,0,0,0,0
243,70,89,1,60,17,22,0
None,None,None,None,0,0,0,0
501,735,242,None,33,49,16,0
None,None,None,None,0,0,0,0
None,None,None,None,0,0,0,0
None,None,None,None,0,0,0,0
None,None,None,None,0,0,0,0
None,None,None,None,0,0,0,0
761,None,None,None,100,0,0,0
None,None,None,None,0,0,0,0
None,None,None,None,0,0,0,0
None,None,None,None,0,0,0,0
None,None,None,None,0,0,0,0
None,None,None,None,0,0,0,0
None,None,None,None,0,0,0,0
None,None,None,None,0,0,0,0
None,None,None,None,0,0,0,0
None,None,192,None,0,0,100,0
None,None,None,None,0,0,0,0
None,None,None,None,0,0,0,0
334,550,364,2,26,44,29,0
None,None,None,None,0,0,0,0
None,None,None,None,0,0,0,0
None,None,44,None,0,0,100,0
None,None,None,None,0,0,0,0
None,None,None,None,0,0,0,0
None,None,None,None,0,0,0,0
None,None,None,None,0,0,0,0
None,None,None,None,0,0,0,0
None,None,None,None,0,0,0,0
None,None,None,None,0,0,0,0
None,66,29,None,0,69,30,0
None,None,None,None,0,0,0,0
None,None,None,None,0,0,0,0
None,None,None,None,0,0,0,0
47,None,None,None,100,0,0,0
None,None,None,None,0,0,0,0
None,None,None,None,0,0,0,0
None,None,None,None,0,0,0,0
None,None,None,None,0,0,0,0
99,None,None,None,100,0,0,0
159,178,254,None,26,30,42,0
None,None,None,None,0,0,0,0
None,None,None,None,0,0,0,0
None,None,None,None,0,0,0,0
None,None,None,None,0,0,0,0
200,259,28,None,41,53,5,0
None,None,None,None,0,0,0,0
81,10,86,None,45,5,48,0
None,None,None,None,0,0,0,0
None,18,None,None,0,100,0,0
None,None,None,None,0,0,0,0
None,60,None,None,0,100,0,0
None,None,None,None,0,0,0,0
None,None,None,None,0,0,0,0
None,None,None,None,0,0,0,0
None,None,None,None,0,0,0,0
None,None,None,None,0,0,0,0
57,59,148,None,21,22,55,0
None,None,None,None,0,0,0,0
49,None,3,None,94,0,5,0
None,None,None,None,0,0,0,0
59,42,20,None,48,34,16,0
None,None,None,None,0,0,0,0
None,None,None,1,0,0,0,2147483647
81,6,131,None,36,3,60,0
None,None,None,None,0,0,0,0
57,572,256,None,6,64,28,0
157,None,None,None,100,0,0,0
None,None,None,None,0,0,0,0
15,None,30,2,33,0,66,4
None,None,None,None,0,0,0,0
54,455,317,None,6,55,38,0
None,None,None,None,0,0,0,0
None,None,None,None,0,0,0,0
None,None,None,None,0,0,0,0
None,None,None,None,0,0,0,0
None,50,None,None,0,100,0,0
None,None,None,None,0,0,0,0
None,None,202,1,0,0,100,0
None,None,None,None,0,0,0,0
None,None,None,None,0,0,0,0
None,None,None,None,0,0,0,0
None,30,39,None,0,43,56,0
None,None,None,None,0,0,0,0
None,None,None,None,0,0,0,0
None,None,None,None,0,0,0,0
None,None,None,None,0,0,0,0
None,None,None,None,0,0,0,0
None,14,None,None,0,100,0,0
None,None,None,None,0,0,0,0
111,558,231,None,12,61,25,0
None,None,129,None,0,0,100,0
None,None,None,None,0,0,0,0
None,23,92,None,0,20,79,0
None,None,None,None,0,0,0,0
None,None,None,None,0,0,0,0
None,None,None,None,0,0,0,0
None,None,None,None,0,0,0,0
None,None,None,None,0,0,0,0
None,None,None,None,0,0,0,0
None,None,None,None,0,0,0,0
None,None,None,None,0,0,0,0
None,None,34,None,0,0,100,0
None,4,None,None,0,100,0,0
None,None,None,None,0,0,0,0
None,None,30,None,0,0,100,0
260,255,688,None,21,21,57,0
None,None,None,None,0,0,0,0
None,18,None,None,0,100,0,0
None,None,None,None,0,0,0,0
101,131,83,3,31,41,26,0
None,None,None,None,0,0,0,0
None,3,None,None,0,100,0,0
None,None,None,None,0,0,0,0
None,None,None,None,0,0,0,0
None,None,None,None,0,0,0,0
None,None,None,None,0,0,0,0
77,None,None,None,100,0,0,0
None,None,None,None,0,0,0,0
None,None,9,None,0,0,100,0
None,None,None,None,0,0,0,0
None,None,None,None,0,0,0,0
None,None,None,None,0,0,0,0
None,None,None,None,0,0,0,0
None,None,None,None,0,0,0,0
635,518,367,1,41,34,24,0
None,None,None,None,0,0,0,0
70,67,None,None,51,48,0,0
53,66,64,None,29,35,34,0
None,428,438,None,0,49,50,0
None,None,None,None,0,0,0,0
None,None,56,None,0,0,100,0
None,None,None,None,0,0,0,0
None,None,None,None,0,0,0,0
None,None,None,None,0,0,0,0
None,None,None,None,0,0,0,0
None,None,None,None,0,0,0,0
None,None,None,None,0,0,0,0
None,None,None,None,0,0,0,0
None,None,None,None,0,0,0,0
None,None,None,None,0,0,0,0
None,None,None,None,0,0,0,0
62,25,None,1,71,28,0,1
None,None,None,None,0,0,0,0
None,None,None,None,0,0,0,0
None,5,None,None,0,100,0,0
None,None,None,None,0,0,0,0
106,43,22,1,61,25,12,0
None,None,None,None,0,0,0,0
None,None,None,None,0,0,0,0
None,None,None,None,0,0,0,0
None,22,None,None,0,100,0,0
53,None,39,None,57,0,42,0
None,None,None,None,0,0,0,0
103,305,176,None,17,52,30,0
None,None,None,None,0,0,0,0
None,None,None,None,0,0,0,0
49,None,34,None,58,0,41,0
None,39,None,None,0,100,0,0
None,None,None,None,0,0,0,0
None,None,None,None,0,0,0,0
None,143,15,None,0,90,9,0
None,18,None,None,0,100,0,0
None,None,None,None,0,0,0,0
28,53,200,None,10,19,70,0
None,None,None,None,0,0,0,0
None,None,None,None,0,0,0,0
None,None,None,None,0,0,0,0
None,191,172,None,0,52,47,0
None,None,None,None,0,0,0,0
78,None,20,1,79,0,20,1
None,None,None,None,0,0,0,0
None,None,31,None,0,0,100,0
None,82,108,None,0,43,56,0
None,None,None,None,0,0,0,0
None,None,None,None,0,0,0,0
None,None,None,None,0,0,0,0
None,None,None,None,0,0,0,0
None,None,None,None,0,0,0,0
None,None,None,None,0,0,0,0
None,None,None,None,0,0,0,0
None,None,None,None,0,0,0,0
None,None,None,None,0,0,0,0
None,None,None,None,0,0,0,0
None,None,None,None,0,0,0,0
None,None,None,None,0,0,0,0
None,None,None,None,0,0,0,0
None,None,None,None,0,0,0,0
None,None,28,None,0,0,100,0
None,None,None,None,0,0,0,0
None,4,None,None,0,100,0,0
None,None,None,None,0,0,0,0
None,None,None,None,0,0,0,0
197,183,18,None,49,46,4,0
None,None,None,None,0,0,0,0
None,None,None,None,0,0,0,0
218,None,103,None,67,0,32,0
None,None,None,None,0,0,0,0
None,None,None,None,0,0,0,0
None,None,None,None,0,0,0,0
101,93,58,None,40,36,23,0
None,None,None,None,0,0,0,0
None,None,33,None,0,0,100,0
None,None,None,None,0,0,0,0
None,None,None,None,0,0,0,0
None,None,None,None,0,0,0,0
None,49,49,None,0,50,49,0
None,None,None,None,0,0,0,0
None,None,None,None,0,0,0,0
None,None,None,None,0,0,0,0
None,None,None,None,0,0,0,0
None,32,None,None,0,100,0,0
None,None,None,None,0,0,0,0
None,None,70,None,0,0,100,0
None,8,None,3,0,100,0,35
None,None,None,None,0,0,0,0
None,None,None,None,0,0,0,0
58,None,None,None,100,0,0,0
None,None,None,None,0,0,0,0
None,None,None,None,0,0,0,0
None,None,None,None,0,0,0,0
None,None,None,None,0,0,0,0
None,None,None,None,0,0,0,0
None,None,None,None,0,0,0,0
None,None,None,None,0,0,0,0
None,None,None,None,0,0,0,0
8,140,137,None,2,49,47,0
None,None,None,None,0,0,0,0
None,None,None,None,0,0,0,0
None,137,307,None,0,30,69,0
None,None,None,None,0,0,0,0
63,40,None,None,60,39,0,0
None,None,None,None,0,0,0,0
None,None,None,None,0,0,0,0
None,None,None,None,0,0,0,0
None,None,None,None,0,0,0,0
None,None,None,None,0,0,0,0
90,None,None,None,100,0,0,0
65,261,246,3,11,45,42,0
None,None,None,None,0,0,0,0
162,250,182,None,27,42,30,0
None,None,None,None,0,0,0,0
None,None,None,None,0,0,0,0
None,None,None,None,0,0,0,0
None,None,None,None,0,0,0,0
None,None,None,None,0,0,0,0
None,None,None,None,0,0,0,0
None,None,20,None,0,0,100,0
None,47,None,None,0,100,0,0
None,None,None,None,0,0,0,0
None,None,None,None,0,0,0,0
None,None,9,None,0,0,100,0
None,None,None,None,0,0,0,0
314,726,594,None,19,44,36,0
46,None,None,None,100,0,0,0
None,None,None,None,0,0,0,0
None,None,None,None,0,0,0,0
None,None,None,None,0,0,0,0
None,None,156,None,0,0,100,0
None,None,None,None,0,0,0,0
None,None,136,None,0,0,100,0
None,None,None,None,0,0,0,0
None,None,None,None,0,0,0,0
None,None,None,None,0,0,0,0
None,None,42,None,0,0,100,0
None,None,None,None,0,0,0,0
None,None,None,None,0,0,0,0
None,None,None,None,0,0,0,0
None,19,None,None,0,100,0,0
None,122,None,None,0,100,0,0
None,None,None,None,0,0,0,0
None,None,None,None,0,0,0,0
None,None,None,None,0,0,0,0
None,25,56,None,0,31,68,0
None,None,None,None,0,0,0,0
None,None,None,None,0,0,0,0
None,None,74,None,0,0,100,0
None,122,326,None,0,27,72,0
None,None,None,None,0,0,0,0
None,None,None,None,0,0,0,0
None,None,None,None,0,0,0,0
None,None,18,None,0,0,100,0
None,77,8,None,0,89,10,0
None,None,None,None,0,0,0,0
None,None,None,None,0,0,0,0
111,30,None,None,78,21,0,0
None,None,None,None,0,0,0,0
None,None,None,None,0,0,0,0
None,None,None,None,0,0,0,0
331,529,247,None,29,47,22,0
25,90,224,None,7,26,65,0
None,None,None,None,0,0,0,0
None,None,None,None,0,0,0,0
None,None,None,None,0,0,0,0
None,None,None,None,0,0,0,0
None,None,57,None,0,0,100,0
None,115,566,None,0,16,83,0
88,None,None,None,100,0,0,0
None,None,None,None,0,0,0,0
None,55,None,None,0,100,0,0
12,None,None,None,100,0,0,0
None,None,None,None,0,0,0,0
None,None,None,None,0,0,0,0
None,None,None,None,0,0,0,0
None,None,None,None,0,0,0,0
97,None,81,None,54,0,45,0
None,None,None,None,0,0,0,0
None,None,None,None,0,0,0,0
121,59,65,None,49,24,26,0
None,None,None,None,0,0,0,0
None,None,None,None,0,0,0,0
None,None,None,None,0,0,0,0
None,None,None,None,0,0,0,0
None,None,None,None,0,0,0,0
158,191,148,1,31,38,29,0
5,33,6,1,12,73,14,2
None,None,None,None,0,0,0,0
177,176,242,None,29,29,40,0
None,None,None,None,0,0,0,0
None,None,None,None,0,0,0,0
None,None,None,None,0,0,0,0
None,None,None,None,0,0,0,0
None,None,None,None,0,0,0,0
None,None,None,None,0,0,0,0
None,None,None,None,0,0,0,0
None,None,None,None,0,0,0,0
None,None,80,None,0,0,100,0
None,21,48,None,0,30,69,0
None,None,None,None,0,0,0,0
None,12,104,None,0,10,89,0
None,None,None,None,0,0,0,0
None,None,None,None,0,0,0,0
None,None,None,None,0,0,0,0
None,None,64,None,0,0,100,0
None,None,None,None,0,0,0,0
None,None,None,None,0,0,0,0
57,None,None,None,100,0,0,0
None,None,None,None,0,0,0,0
None,None,None,None,0,0,0,0
None,None,None,None,0,0,0,0
None,None,None,None,0,0,0,0
10,None,94,None,10,0,89,0
None,None,None,None,0,0,0,0
None,None,None,None,0,0,0,0
None,None,None,None,0,0,0,0
None,None,None,None,0,0,0,0
None,None,None,None,0,0,0,0
None,None,None,None,0,0,0,0
229,17,22,None,85,6,8,0
None,None,None,None,0,0,0,0
None,None,None,None,0,0,0,0
None,None,None,None,0,0,0,0
None,None,None,1,0,0,0,2147483647
None,None,None,None,0,0,0,0
45,None,None,None,100,0,0,0
None,None,None,None,0,0,0,0
64,23,50,None,46,16,36,0
None,None,None,None,0,0,0,0
None,None,None,None,0,0,0,0
None,None,35,None,0,0,100,0
None,None,27,None,0,0,100,0
None,None,None,None,0,0,0,0
None,None,None,None,0,0,0,0
None,None,None,None,0,0,0,0
130,125,None,None,50,49,0,0
985,628,71,None,58,37,4,0
None,None,69,None,0,0,100,0
None,None,None,None,0,0,0,0
None,None,None,None,0,0,0,0
21,56,None,None,27,72,0,0
None,None,None,None,0,0,0,0
None,None,None,None,0,0,0,0
None,None,None,None,0,0,0,0
None,None,None,None,0,0,0,0
None,None,8,None,0,0,100,0
None,None,None,None,0,0,0,0
None,None,None,None,0,0,0,0
None,None,None,None,0,0,0,0
None,None,None,None,0,0,0,0
None,None,None,None,0,0,0,0
None,None,None,None,0,0,0,0
None,None,None,None,0,0,0,0
15,None,None,None,100,0,0,0
103,19,82,None,50,9,40,0
None,None,None,None,0,0,0,0
None,None,None,None,0,0,0,0
None,None,None,None,0,0,0,0
None,None,None,None,0,0,0,0
None,None,None,None,0,0,0,0
None,None,None,None,0,0,0,0
151,237,106,None,30,48,21,0
None,None,None,None,0,0,0,0
None,None,None,None,0,0,0,0
71,12,37,None,59,10,30,0
None,68,None,None,0,100,0,0
None,322,None,None,0,100,0,0
None,None,None,None,0,0,0,0
16,30,None,None,35,64,0,0
None,33,36,None,0,47,52,0
None,None,None,None,0,0,0,0
None,None,None,None,0,0,0,0
None,None,None,None,0,0,0,0
None,78,68,None,0,53,46,0
None,None,None,None,0,0,0,0
None,None,None,None,0,0,0,0
None,None,74,None,0,0,100,0
None,None,None,None,0,0,0,0
None,None,None,None,0,0,0,0
66,None,None,None,100,0,0,0
112,169,226,2,22,33,44,0
None,32,None,None,0,100,0,0
None,None,None,None,0,0,0,0
None,None,None,None,0,0,0,0
None,None,4,None,0,0,100,0
28,None,None,1,100,0,0,3
None,None,None,None,0,0,0,0
None,None,8,None,0,0,100,0
None,91,None,None,0,100,0,0
None,637,55,1,0,92,7,0
None,None,None,None,0,0,0,0
None,None,None,None,0,0,0,0
None,None,None,None,0,0,0,0
None,None,None,None,0,0,0,0
273,161,None,None,62,37,0,0
None,None,None,None,0,0,0,0
None,None,None,None,0,0,0,0
None,None,None,None,0,0,0,0
None,None,None,None,0,0,0,0
None,41,39,None,0,51,48,0
None,None,8,None,0,0,100,0
None,38,33,None,0,53,46,0
None,None,None,None,0,0,0,0
None,None,None,None,0,0,0,0
None,None,None,None,0,0,0,0
None,19,20,None,0,47,52,0
103,8,None,1,92,7,0,0
None,None,155,1,0,0,100,0
None,62,17,None,0,78,21,0
None,None,None,None,0,0,0,0
None,None,None,None,0,0,0,0
None,None,20,None,0,0,100,0
None,None,None,None,0,0,0,0
None,None,None,None,0,0,0,0
None,None,None,None,0,0,0,0
None,None,None,None,0,0,0,0
None,None,None,None,0,0,0,0
None,73,None,None,0,100,0,0
None,None,None,None,0,0,0,0
None,None,None,None,0,0,0,0
None,None,None,None,0,0,0,0
None,None,None,None,0,0,0,0
128,10,359,None,25,2,72,0
None,None,None,None,0,0,0,0
None,None,None,None,0,0,0,0
None,26,81,None,0,24,75,0
None,None,None,None,0,0,0,0
None,None,None,None,0,0,0,0
30,None,55,None,35,0,64,0
None,179,60,None,0,74,25,0
None,301,None,None,0,100,0,0
None,None,None,None,0,0,0,0
46,271,123,None,10,61,27,0
None,None,None,None,0,0,0,0
None,None,None,None,0,0,0,0
None,None,None,None,0,0,0,0
20,None,50,None,29,0,70,0
212,52,None,1,80,19,0,0
312,154,138,None,51,25,22,0
None,None,None,None,0,0,0,0
153,None,None,None,100,0,0,0
None,None,56,None,0,0,100,0
None,None,None,None,0,0,0,0
None,None,None,None,0,0,0,0
164,313,335,None,20,38,41,0
None,72,49,None,0,59,40,0
None,None,None,None,0,0,0,0
None,None,None,1,0,0,0,2147483647
None,None,None,None,0,0,0,0
None,None,None,None,0,0,0,0
None,None,None,None,0,0,0,0
None,None,None,None,0,0,0,0
None,None,None,None,0,0,0,0
None,None,None,None,0,0,0,0
None,None,None,None,0,0,0,0
15,32,None,None,33,66,0,0
None,None,None,None,0,0,0,0
None,None,None,None,0,0,0,0
None,None,129,None,0,0,100,0
None,None,14,None,0,0,100,0
None,None,None,None,0,0,0,0
None,None,None,None,0,0,0,0
None,None,None,None,0,0,0,0
None,None,None,None,0,0,0,0
38,5,11,None,69,10,20,0
None,None,None,None,0,0,0,0
None,None,None,None,0,0,0,0
None,None,None,None,0,0,0,0
None,None,None,None,0,0,0,0
None,None,None,None,0,0,0,0
118,74,112,2,38,24,36,0
471,681,776,None,24,35,40,0
None,None,None,None,0,0,0,0
None,None,None,None,0,0,0,0
None,None,None,None,0,0,0,0
None,None,None,None,0,0,0,0
None,None,None,None,0,0,0,0
None,None,None,None,0,0,0,0
None,None,None,None,0,0,0,0
738,557,580,None,39,29,30,0
17,34,7,2,29,58,12,3
None,41,None,None,0,100,0,0
None,None,None,None,0,0,0,0
44,39,33,None,38,33,28,0
None,None,None,None,0,0,0,0
None,None,None,None,0,0,0,0
192,None,17,None,91,0,8,0
None,41,None,None,0,100,0,0
None,None,None,None,0,0,0,0
None,None,None,None,0,0,0,0
None,None,None,None,0,0,0,0
102,None,114,None,47,0,52,0
None,None,None,None,0,0,0,0
None,None,None,None,0,0,0,0
None,None,None,None,0,0,0,0
None,None,113,None,0,0,100,0
None,None,None,None,0,0,0,0
None,None,None,None,0,0,0,0
None,None,None,None,0,0,0,0
None,12,99,None,0,11,88,0
289,455,843,None,18,28,53,0
None,None,None,None,0,0,0,0
None,None,None,None,0,0,0,0
None,None,None,None,0,0,0,0
None,55,103,None,0,34,65,0
None,104,37,None,0,73,26,0
None,None,None,None,0,0,0,0
None,None,None,None,0,0,0,0
None,None,None,None,0,0,0,0
None,None,None,None,0,0,0,0
123,49,144,None,39,15,45,0
None,None,None,None,0,0,0,0
None,None,None,None,0,0,0,0
None,None,None,None,0,0,0,0
None,None,None,None,0,0,0,0
None,None,None,None,0,0,0,0
None,None,None,None,0,0,0,0
None,None,None,None,0,0,0,0
None,None,None,None,0,0,0,0
27,62,9,None,27,62,9,0
None,None,None,None,0,0,0,0
None,None,None,None,0,0,0,0
None,None,None,None,0,0,0,0
32,None,51,None,39,0,60,0
None,None,None,None,0,0,0,0
None,None,None,None,0,0,0,0
None,None,None,None,0,0,0,0
207,55,None,None,78,21,0,0
419,182,92,7,60,26,13,1
None,None,None,None,0,0,0,0
None,None,None,None,0,0,0,0
39,None,None,None,100,0,0,0
None,None,84,None,0,0,100,0
None,None,None,None,0,0,0,0
None,None,None,None,0,0,0,0
None,None,None,None,0,0,0,0
None,None,None,None,0,0,0,0
None,None,None,None,0,0,0,0
None,None,None,None,0,0,0,0
None,163,None,None,0,100,0,0
None,None,41,None,0,0,100,0
None,None,None,None,0,0,0,0
None,None,None,None,0,0,0,0
None,None,None,None,0,0,0,0
None,None,None,None,0,0,0,0
None,None,None,None,0,0,0,0
None,None,None,None,0,0,0,0
None,None,None,None,0,0,0,0
38,297,421,None,5,39,55,0
None,None,None,None,0,0,0,0
None,None,None,None,0,0,0,0
None,None,None,None,0,0,0,0
None,None,None,None,0,0,0,0
None,None,None,None,0,0,0,0
None,None,None,None,0,0,0,0
20,49,51,1,17,40,42,0
None,None,None,None,0,0,0,0
None,None,None,None,0,0,0,0
None,82,None,None,0,100,0,0
None,None,None,None,0,0,0,0
None,None,None,None,0,0,0,0
None,None,None,None,0,0,0,0
None,None,None,None,0,0,0,0
None,None,None,None,0,0,0,0
None,None,None,None,0,0,0,0
None,None,None,None,0,0,0,0
None,None,None,None,0,0,0,0
None,None,None,None,0,0,0,0
None,None,73,None,0,0,100,0
None,None,None,None,0,0,0,0
None,None,None,None,0,0,0,0
None,None,None,None,0,0,0,0
None,None,None,None,0,0,0,0
None,None,None,None,0,0,0,0
None,None,None,None,0,0,0,0
248,161,322,None,33,22,43,0
None,None,None,None,0,0,0,0
None,None,None,None,0,0,0,0
None,None,None,None,0,0,0,0
None,9,None,None,0,100,0,0
34,11,None,None,75,24,0,0
None,None,None,None,0,0,0,0
None,None,None,None,0,0,0,0
None,None,None,None,0,0,0,0
None,None,None,None,0,0,0,0
14,49,12,None,18,64,16,0
None,32,None,None,0,100,0,0
None,None,None,None,0,0,0,0
None,None,None,None,0,0,0,0
None,None,None,1,0,0,0,2147483647
97,None,48,None,66,0,33,0
None,None,None,None,0,0,0,0
None,None,None,None,0,0,0,0
None,None,None,None,0,0,0,0
None,None,None,None,0,0,0,0
None,44,82,None,0,35,64,0
None,None,119,None,0,0,100,0
None,None,12,None,0,0,100,0
None,None,None,None,0,0,0,0
64,None,191,None,25,0,74,0
None,None,22,None,0,0,100,0
None,None,None,None,0,0,0,0
308,282,110,None,43,40,15,0
None,61,76,None,0,44,55,0
None,None,None,None,0,0,0,0
None,36,83,None,0,30,69,0
176,307,432,None,19,33,47,0
None,None,None,None,0,0,0,0
None,None,None,None,0,0,0,0
None,None,None,None,0,0,0,0
None,None,None,None,0,0,0,0
None,None,None,None,0,0,0,0
17,51,47,1,15,43,40,0
None,None,None,None,0,0,0,0
None,None,None,None,0,0,0,0
None,None,None,None,0,0,0,0
None,10,None,None,0,100,0,0
None,None,None,None,0,0,0,0
None,None,None,None,0,0,0,0
12,108,58,None,6,60,32,0
None,117,81,None,0,59,40,0
None,None,None,None,0,0,0,0
6,None,None,None,100,0,0,0
None,None,None,None,0,0,0,0
None,None,None,None,0,0,0,0
None,None,None,None,0,0,0,0
None,None,None,None,0,0,0,0
None,None,None,None,0,0,0,0
None,None,None,None,0,0,0,0
None,20,96,None,0,17,82,0
47,443,492,None,4,45,50,0
None,None,None,None,0,0,0,0
None,None,None,None,0,0,0,0
None,118,61,None,0,65,34,0
None,None,None,None,0,0,0,0
None,22,None,None,0,100,0,0
None,112,76,None,0,59,40,0
81,115,302,None,16,23,60,0
None,None,None,None,0,0,0,0
None,None,None,None,0,0,0,0
None,None,None,None,0,0,0,0
None,None,None,None,0,0,0,0
None,35,133,None,0,21,78,0
None,None,148,None,0,0,100,0
None,None,None,None,0,0,0,0
None,None,None,None,0,0,0,0
None,59,152,None,0,27,72,0
None,None,None,None,0,0,0,0
None,None,None,None,0,0,0,0
None,None,None,None,0,0,0,0
None,None,None,None,0,0,0,0
None,None,None,None,0,0,0,0
None,None,None,None,0,0,0,0
None,None,None,None,0,0,0,0
None,169,None,None,0,100,0,0
None,None,None,None,0,0,0,0
None,None,None,None,0,0,0,0
40,902,380,2,3,68,28,0
None,37,None,None,0,100,0,0
None,None,None,None,0,0,0,0
None,None,None,None,0,0,0,0
None,None,None,None,0,0,0,0
None,None,None,None,0,0,0,0
None,155,59,None,0,72,27,0
None,None,None,None,0,0,0,0
45,None,None,None,100,0,0,0
None,None,None,None,0,0,0,0
None,None,None,None,0,0,0,0
None,None,None,None,0,0,0,0
None,None,None,None,0,0,0,0
None,None,None,None,0,0,0,0
13,43,95,None,8,28,62,0
None,None,None,None,0,0,0,0
None,None,None,None,0,0,0,0
None,None,None,None,0,0,0,0
None,None,None,None,0,0,0,0
202,83,85,None,54,22,22,0
None,None,None,None,0,0,0,0
None,None,None,None,0,0,0,0
226,None,None,None,100,0,0,0
None,None,None,None,0,0,0,0
None,None,None,None,0,0,0,0
None,None,None,None,0,0,0,0
None,None,None,None,0,0,0,0
None,None,None,None,0,0,0,0
None,None,None,None,0,0,0,0
None,51,None,None,0,100,0,0
None,None,67,None,0,0,100,0
None,28,None,None,0,100,0,0
None,None,41,None,0,0,100,0
None,None,None,None,0,0,0,0
None,None,None,None,0,0,0,0
None,None,None,None,0,0,0,0
83,None,51,None,61,0,38,0
32,24,10,1,47,36,15,1
None,None,None,None,0,0,0,0
None,None,None,None,0,0,0,0
None,None,None,None,0,0,0,0
100,95,160,None,28,26,45,0
None,103,33,None,0,75,24,0
None,None,None,None,0,0,0,0
None,None,154,None,0,0,100,0
None,None,None,None,0,0,0,0
None,None,None,None,0,0,0,0
None,None,None,None,0,0,0,0
None,None,241,1,0,0,100,0
140,83,227,None,31,18,50,0
None,None,None,None,0,0,0,0
None,None,None,None,0,0,0,0
None,129,40,None,0,76,23,0
None,None,None,None,0,0,0,0
30,8,92,None,23,6,70,0
None,None,None,None,0,0,0,0
None,None,None,None,0,0,0,0
None,108,8,None,0,92,7,0
None,None,None,None,0,0,0,0
None,None,5,None,0,0,100,0
None,83,None,None,0,100,0,0
None,None,None,None,0,0,0,0
None,None,None,None,0,0,0,0
None,None,None,None,0,0,0,0
None,None,None,None,0,0,0,0
None,None,None,None,0,0,0,0
29,None,None,None,100,0,0,0
None,None,None,None,0,0,0,0
None,None,None,None,0,0,0,0
None,5,18,None,0,21,78,0
None,None,None,None,0,0,0,0
None,None,53,None,0,0,100,0
None,None,None,None,0,0,0,0
None,None,None,None,0,0,0,0
None,None,None,None,0,0,0,0
None,None,None,None,0,0,0,0
None,None,8,None,0,0,100,0
None,None,None,None,0,0,0,0
None,None,None,None,0,0,0,0
None,None,None,None,0,0,0,0
None,None,None,None,0,0,0,0
None,None,None,None,0,0,0,0
None,None,28,None,0,0,100,0
None,None,None,None,0,0,0,0
None,168,None,None,0,100,0,0
None,None,None,None,0,0,0,0
None,None,None,None,0,0,0,0
None,None,None,None,0,0,0,0
10,None,None,None,100,0,0,0
None,None,None,None,0,0,0,0
None,None,None,None,0,0,0,0
None,21,84,None,0,20,79,0
None,None,None,None,0,0,0,0
None,None,None,None,0,0,0,0
None,None,29,None,0,0,100,0
None,194,32,None,0,85,14,0
None,None,None,None,0,0,0,0
None,40,None,None,0,100,0,0
None,69,104,None,0,39,60,0
None,None,None,None,0,0,0,0
None,None,None,None,0,0,0,0
None,None,None,None,0,0,0,0
None,None,None,None,0,0,0,0
165,203,276,None,25,31,42,0
None,None,None,None,0,0,0,0
None,32,28,None,0,52,47,0
None,None,None,None,0,0,0,0
None,None,None,None,0,0,0,0
None,None,None,None,0,0,0,0
28,None,132,None,17,0,82,0
None,None,None,None,0,0,0,0
None,None,None,None,0,0,0,0
None,None,None,None,0,0,0,0
None,None,None,None,0,0,0,0
None,None,None,None,0,0,0,0
None,None,None,None,0,0,0,0
None,None,None,None,0,0,0,0
None,None,None,None,0,0,0,0
None,None,None,None,0,0,0,0
None,None,None,None,0,0,0,0
None,None,None,None,0,0,0,0
126,130,123,None,33,34,32,0
None,59,33,None,0,64,35,0
None,None,None,None,0,0,0,0
None,None,None,None,0,0,0,0
None,None,None,None,0,0,0,0
None,55,3,None,0,94,5,0
None,None,None,None,0,0,0,0
None,24,None,None,0,100,0,0
None,None,None,None,0,0,0,0
None,None,None,None,0,0,0,0
None,None,None,None,0,0,0,0
None,None,None,None,0,0,0,0
None,None,None,None,0,0,0,0
1074,479,219,None,60,27,12,0
95,None,None,None,100,0,0,0
None,109,None,None,0,100,0,0
632,None,None,None,100,0,0,0
None,None,None,None,0,0,0,0
None,None,None,None,0,0,0,0
None,None,None,None,0,0,0,0
None,None,None,None,0,0,0,0
None,None,None,None,0,0,0,0
None,None,None,None,0,0,0,0
None,249,None,None,0,100,0,0
None,None,None,None,0,0,0,0
None,None,None,None,0,0,0,0
None,None,None,None,0,0,0,0
18,None,None,None,100,0,0,0
None,None,None,None,0,0,0,0
None,None,None,None,0,0,0,0
None,None,None,None,0,0,0,0
None,None,None,None,0,0,0,0
None,None,None,None,0,0,0,0
None,None,None,None,0,0,0,0
None,13,None,None,0,100,0,0
15,12,12,1,39,31,29,2
None,None,None,1,0,0,0,2147483647
None,None,None,None,0,0,0,0
None,None,None,None,0,0,0,0
None,None,None,None,0,0,0,0
None,None,49,None,0,0,100,0
None,None,None,None,0,0,0,0
None,None,12,None,0,0,100,0
77,117,140,None,23,35,41,0
None,None,174,None,0,0,100,0
None,None,35,None,0,0,100,0
None,None,None,None,0,0,0,0
None,None,None,None,0,0,0,0
None,None,None,None,0,0,0,0
None,71,341,None,0,17,82,0
None,12,None,None,0,100,0,0
None,44,None,None,0,100,0,0
90,864,340,3,7,66,26,0
None,None,None,None,0,0,0,0
None,None,None,None,0,0,0,0
None,None,None,None,0,0,0,0
None,None,None,None,0,0,0,0
None,None,None,None,0,0,0,0
None,None,None,None,0,0,0,0
None,None,45,None,0,0,100,0
None,None,None,None,0,0,0,0
None,None,None,None,0,0,0,0
266,337,239,None,31,40,28,0
None,None,None,None,0,0,0,0
None,None,None,None,0,0,0,0
None,None,None,None,0,0,0,0
None,None,None,None,0,0,0,0
None,None,None,None,0,0,0,0
None,None,None,None,0,0,0,0
None,None,None,None,0,0,0,0
None,None,57,None,0,0,100,0
None,None,None,None,0,0,0,0
None,None,None,None,0,0,0,0
None,None,None,None,0,0,0,0
None,16,None,None,0,100,0,0
None,None,None,None,0,0,0,0
None,None,None,None,0,0,0,0
None,None,None,None,0,0,0,0
161,None,170,None,48,0,51,0
None,None,None,None,0,0,0,0
None,None,None,None,0,0,0,0
35,None,43,None,44,0,55,0
None,None,None,None,0,0,0,0
35,None,20,None,63,0,36,0
6,None,None,None,100,0,0,0
None,None,None,None,0,0,0,0
None,None,None,None,0,0,0,0
None,None,None,None,0,0,0,0
None,None,None,None,0,0,0,0
None,104,368,None,0,22,77,0
None,None,None,None,0,0,0,0
None,None,None,None,0,0,0,0
None,None,None,None,0,0,0,0
None,None,None,None,0,0,0,0
None,None,None,None,0,0,0,0
None,None,None,None,0,0,0,0
None,None,None,1,0,0,0,2147483647
None,None,100,None,0,0,100,0
None,None,None,None,0,0,0,0
None,77,152,None,0,33,66,0
None,None,None,None,0,0,0,0
None,None,None,None,0,0,0,0
None,None,None,None,0,0,0,0
None,None,None,None,0,0,0,0
None,93,None,None,0,100,0,0
None,None,None,None,0,0,0,0
None,None,None,None,0,0,0,0
None,None,None,None,0,0,0,0
None,None,None,None,0,0,0,0
None,None,None,None,0,0,0,0
None,None,57,None,0,0,100,0
None,None,None,None,0,0,0,0
None,None,None,None,0,0,0,0
68,None,60,None,53,0,46,0
None,None,None,None,0,0,0,0
None,None,None,None,0,0,0,0
None,None,None,None,0,0,0,0
None,None,None,None,0,0,0,0
None,None,None,None,0,0,0,0
None,None,None,None,0,0,0,0
None,None,None,None,0,0,0,0
None,None,None,None,0,0,0,0
None,109,31,None,0,77,22,0
None,None,None,None,0,0,0,0
None,None,120,None,0,0,100,0
None,None,None,None,0,0,0,0
None,None,None,None,0,0,0,0
50,None,157,None,24,0,75,0
None,None,None,None,0,0,0,0
None,None,None,None,0,0,0,0
None,None,None,None,0,0,0,0
None,4,None,1,0,100,0,20
None,None,None,None,0,0,0,0
None,None,None,None,0,0,0,0
None,None,None,None,0,0,0,0
None,None,None,None,0,0,0,0
None,None,None,None,0,0,0,0
None,None,None,None,0,0,0,0
37,55,None,None,40,59,0,0
None,None,None,None,0,0,0,0
None,None,None,None,0,0,0,0
None,None,None,None,0,0,0,0
None,None,None,None,0,0,0,0
None,None,None,None,0,0,0,0
265,897,299,None,18,61,20,0
None,None,None,None,0,0,0,0
None,None,None,None,0,0,0,0
None,None,None,None,0,0,0,0
None,None,None,None,0,0,0,0
None,None,None,None,0,0,0,0
None,77,23,None,0,76,23,0
None,None,None,None,0,0,0,0
None,None,None,None,0,0,0,0
None,None,None,None,0,0,0,0
None,None,None,None,0,0,0,0
None,None,None,None,0,0,0,0
None,None,None,None,0,0,0,0
None,121,None,None,0,100,0,0
14,None,None,None,100,0,0,0
None,None,None,None,0,0,0,0
None,None,94,None,0,0,100,0
None,160,3,None,0,97,2,0
None,None,None,None,0,0,0,0
None,None,None,None,0,0,0,0
354,318,634,None,27,24,48,0
None,None,None,None,0,0,0,0
None,None,None,None,0,0,0,0
None,None,None,None,0,0,0,0
None,None,88,None,0,0,100,0
None,None,None,None,0,0,0,0
None,None,None,None,0,0,0,0
None,None,None,None,0,0,0,0
None,None,None,None,0,0,0,0
318,None,None,None,100,0,0,0
168,53,75,None,56,18,25,0
None,None,None,None,0,0,0,0
None,None,None,None,0,0,0,0
None,None,None,None,0,0,0,0
None,32,50,None,0,39,60,0
None,45,None,None,0,100,0,0
724,470,157,1,53,34,11,0
None,None,None,None,0,0,0,0
None,None,None,None,0,0,0,0
None,None,None,None,0,0,0,0
None,None,None,None,0,0,0,0
None,20,None,None,0,100,0,0
None,None,None,None,0,0,0,0
None,None,None,None,0,0,0,0
136,88,None,None,60,39,0,0
None,None,None,None,0,0,0,0
39,30,None,None,56,43,0,0
None,67,99,None,0,40,59,0
None,None,None,None,0,0,0,0
4,None,None,None,100,0,0,0
5,12,20,1,15,31,53,2
None,None,None,None,0,0,0,0
None,None,None,None,0,0,0,0
None,None,95,None,0,0,100,0
None,31,None,None,0,100,0,0
None,None,None,None,0,0,0,0
None,None,None,None,0,0,0,0
None,None,None,None,0,0,0,0
None,12,4,None,0,72,27,0
None,None,None,None,0,0,0,0
13,None,None,None,100,0,0,0
None,None,None,None,0,0,0,0
None,None,None,None,0,0,0,0
None,None,None,None,0,0,0,0
None,None,None,None,0,0,0,0
25,39,None,None,39,60,0,0
None,None,None,None,0,0,0,0
None,None,None,None,0,0,0,0
None,None,None,None,0,0,0,0
None,None,None,None,0,0,0,0
None,None,None,None,0,0,0,0
None,None,None,None,0,0,0,0
43,16,56,3,37,14,48,2
None,None,None,None,0,0,0,0
470,85,None,None,84,15,0,0
None,None,None,None,0,0,0,0
None,None,None,None,0,0,0,0
None,None,None,None,0,0,0,0
None,None,None,None,0,0,0,0
None,24,117,None,0,17,82,0
52,43,82,None,29,24,45,0
None,None,None,None,0,0,0,0
22,None,116,None,16,0,83,0
None,None,None,None,0,0,0,0
None,None,None,None,0,0,0,0
None,None,None,None,0,0,0,0
202,148,170,None,38,28,32,0
None,None,None,None,0,0,0,0
None,None,None,None,0,0,0,0
None,None,None,None,0,0,0,0
None,None,None,None,0,0,0,0
None,45,None,None,0,100,0,0
None,None,None,None,0,0,0,0
None,None,None,None,0,0,0,0
None,None,None,None,0,0,0,0
98,554,26,None,14,81,3,0
None,None,None,None,0,0,0,0
None,None,None,None,0,0,0,0
None,None,None,None,0,0,0,0
None,None,None,None,0,0,0,0
None,None,None,None,0,0,0,0
103,None,None,None,100,0,0,0
None,None,None,None,0,0,0,0
None,None,49,None,0,0,100,0
None,None,None,None,0,0,0,0
None,None,6,None,0,0,100,0
None,202,191,None,0,51,48,0
None,None,None,1,0,0,0,2147483647
None,None,6,1,0,0,100,15
None,None,69,None,0,0,100,0
None,None,None,None,0,0,0,0
None,None,153,None,0,0,100,0
None,None,None,None,0,0,0,0
None,None,None,None,0,0,0,0
None,69,None,None,0,100,0,0
None,None,None,None,0,0,0,0
None,39,None,None,0,100,0,0
None,None,None,None,0,0,0,0
147,206,138,None,29,41,28,0
110,None,None,None,100,0,0,0
None,None,None,None,0,0,0,0
9,None,None,None,100,0,0,0
None,67,26,None,0,71,28,0
None,None,None,None,0,0,0,0
839,903,834,None,32,35,32,0
None,None,None,None,0,0,0,0
None,17,None,None,0,100,0,0
None,None,None,None,0,0,0,0
None,128,130,1,0,49,50,0
None,None,None,None,0,0,0,0
None,None,None,None,0,0,0,0
None,None,None,None,0,0,0,0
None,None,None,None,0,0,0,0
None,None,None,None,0,0,0,0
None,None,None,None,0,0,0,0
None,None,None,None,0,0,0,0
None,None,None,None,0,0,0,0
None,None,None,None,0,0,0,0
None,38,159,1,0,19,80,0
None,None,None,None,0,0,0,0
None,None,None,None,0,0,0,0
None,None,None,None,0,0,0,0
None,None,None,None,0,0,0,0
119,110,337,None,21,19,59,0
None,None,None,None,0,0,0,0
None,None,None,None,0,0,0,0
None,None,None,None,0,0,0,0
None,None,None,None,0,0,0,0
None,None,None,None,0,0,0,0
None,None,None,None,0,0,0,0
208,20,55,None,73,7,19,0
None,None,None,None,0,0,0,0
None,16,None,None,0,100,0,0
102,None,75,None,57,0,42,0
None,None,None,None,0,0,0,0
None,None,None,None,0,0,0,0
None,None,None,None,0,0,0,0
None,None,None,None,0,0,0,0
None,1527,407,1,0,78,21,0
None,None,None,None,0,0,0,0
None,None,None,None,0,0,0,0
None,None,None,None,0,0,0,0
None,74,None,None,0,100,0,0
None,None,None,None,0,0,0,0
None,None,None,None,0,0,0,0
91,93,498,None,13,13,72,0
None,None,None,None,0,0,0,0
941,506,265,None,54,29,15,0
None,None,None,None,0,0,0,0
None,None,None,None,0,0,0,0
None,None,None,None,0,0,0,0
None,None,None,None,0,0,0,0
None,None,None,None,0,0,0,0
None,27,15,None,0,63,36,0
None,122,None,None,0,100,0,0
None,None,None,None,0,0,0,0
None,None,None,None,0,0,0,0
None,56,193,None,0,22,77,0
18,8,31,None,31,15,52,0
None,227,None,None,0,100,0,0
None,None,None,None,0,0,0,0
None,None,None,None,0,0,0,0
None,None,None,None,0,0,0,0
None,None,None,None,0,0,0,0
None,None,None,None,0,0,0,0
32,112,193,None,9,33,57,0
None,42,198,None,0,17,82,0
None,None,None,None,0,0,0,0
None,80,None,None,0,100,0,0
272,69,24,1,74,18,6,0
None,None,None,None,0,0,0,0
None,None,None,None,0,0,0,0
None,None,None,None,0,0,0,0
99,None,7,None,92,0,7,0
None,None,None,None,0,0,0,0
None,None,None,None,0,0,0,0
None,None,None,None,0,0,0,0
None,None,None,None,0,0,0,0
126,61,291,None,26,12,60,0
None,None,153,None,0,0,100,0
10,9,52,None,13,13,72,0
None,None,None,None,0,0,0,0
76,239,123,None,17,54,28,0
None,None,None,None,0,0,0,0
None,None,None,None,0,0,0,0
25,15,None,None,62,37,0,0
None,None,18,None,0,0,100,0
None,None,None,None,0,0,0,0
None,None,None,None,0,0,0,0
None,None,None,None,0,0,0,0
None,None,None,None,0,0,0,0
None,None,None,None,0,0,0,0
None,None,None,1,0,0,0,2147483647
None,None,None,None,0,0,0,0
14,None,None,None,100,0,0,0
None,None,None,None,0,0,0,0
None,None,79,None,0,0,100,0
123,145,133,None,30,36,33,0
None,None,None,None,0,0,0,0
None,63,None,None,0,100,0,0
None,None,None,None,0,0,0,0
None,135,37,None,0,78,21,0
None,None,None,None,0,0,0,0
None,None,None,None,0,0,0,0
None,None,133,None,0,0,100,0
None,None,None,None,0,0,0,0
None,182,424,None,0,30,69,0
None,None,None,None,0,0,0,0
None,None,None,None,0,0,0,0
None,None,None,None,0,0,0,0
None,None,None,None,0,0,0,0
479,279,97,None,55,32,11,0
35,16,20,None,49,23,27,0
None,None,None,None,0,0,0,0
None,None,64,None,0,0,100,0
None,None,None,None,0,0,0,0
10,17,68,None,11,17,71,0
None,136,12,2,0,91,8,1
None,None,None,None,0,0,0,0
None,None,None,None,0,0,0,0
None,None,27,None,0,0,100,0
None,None,None,None,0,0,0,0
None,None,None,None,0,0,0,0
None,None,None,None,0,0,0,0
119,89,45,None,46,35,17,0
None,None,None,None,0,0,0,0
97,22,36,None,62,14,23,0
None,None,None,None,0,0,0,0
None,None,None,None,0,0,0,0
None,None,None,None,0,0,0,0
None,None,None,None,0,0,0,0
None,225,192,None,0,54,45,0
None,None,None,None,0,0,0,0
None,None,None,None,0,0,0,0
None,None,None,None,0,0,0,0
None,None,None,None,0,0,0,0
None,17,None,None,0,100,0,0
None,None,None,None,0,0,0,0
None,43,None,None,0,100,0,0
155,191,248,None,26,32,41,0
None,None,None,None,0,0,0,0
None,None,None,None,0,0,0,0
None,None,None,None,0,0,0,0
None,43,120,None,0,26,73,0
9,166,330,1,1,32,65,0
None,None,None,None,0,0,0,0
None,None,None,None,0,0,0,0
None,None,None,None,0,0,0,0
289,118,None,None,70,29,0,0
None,None,None,None,0,0,0,0
None,None,None,None,0,0,0,0
66,None,None,None,100,0,0,0
None,None,None,None,0,0,0,0
None,None,None,None,0,0,0,0
None,None,None,None,0,0,0,0
None,None,None,None,0,0,0,0
None,None,27,None,0,0,100,0
None,None,None,None,0,0,0,0
48,None,None,None,100,0,0,0
57,None,None,None,100,0,0,0
None,None,None,None,0,0,0,0
44,None,None,None,100,0,0,0
None,None,None,None,0,0,0,0
None,None,None,None,0,0,0,0
72,None,None,None,100,0,0,0
None,32,None,None,0,100,0,0
29,None,None,None,100,0,0,0
None,None,12,None,0,0,100,0
None,None,None,None,0,0,0,0
41,6,56,1,39,5,54,0
None,None,None,None,0,0,0,0
None,None,None,None,0,0,0,0
27,52,39,1,22,44,33,0
None,None,None,None,0,0,0,0
None,None,None,None,0,0,0,0
None,None,None,None,0,0,0,0
None,None,None,None,0,0,0,0
None,None,None,None,0,0,0,0
None,63,None,None,0,100,0,0
None,None,None,None,0,0,0,0
None,None,None,None,0,0,0,0
16,15,31,1,25,24,50,1
None,None,None,None,0,0,0,0
None,None,None,None,0,0,0,0
67,374,150,None,11,63,25,0
3,None,None,None,100,0,0,0
None,None,None,None,0,0,0,0
None,None,None,None,0,0,0,0
None,None,None,None,0,0,0,0
177,276,257,None,24,38,36,0
None,41,None,None,0,100,0,0
None,None,None,None,0,0,0,0
None,30,None,None,0,100,0,0
None,None,211,None,0,0,100,0
None,None,None,None,0,0,0,0
None,None,None,None,0,0,0,0
120,183,212,None,23,35,41,0
None,None,None,None,0,0,0,0
None,None,None,None,0,0,0,0
None,None,None,None,0,0,0,0
None,None,None,None,0,0,0,0
None,None,None,None,0,0,0,0
None,None,None,None,0,0,0,0
None,None,None,None,0,0,0,0
45,None,None,None,100,0,0,0
None,None,None,None,0,0,0,0
None,None,None,None,0,0,0,0
None,None,27,None,0,0,100,0
None,None,None,None,0,0,0,0
None,None,None,None,0,0,0,0
None,None,None,None,0,0,0,0
None,None,None,None,0,0,0,0
None,None,None,None,0,0,0,0
None,None,None,None,0,0,0,0
None,18,37,None,0,33,66,0
None,None,None,None,0,0,0,0
None,None,None,None,0,0,0,0
None,None,38,1,0,0,100,2
None,None,None,None,0,0,0,0
112,51,262,None,26,11,61,0
None,None,None,None,0,0,0,0
437,475,144,2,41,44,13,0
115,None,None,None,100,0,0,0
None,43,None,1,0,100,0,2
None,None,None,None,0,0,0,0
None,None,None,None,0,0,0,0
None,None,28,None,0,0,100,0
None,None,None,None,0,0,0,0
None,None,None,None,0,0,0,0
None,None,None,None,0,0,0,0
39,None,None,None,100,0,0,0
None,31,202,1,0,13,86,0
None,None,79,None,0,0,100,0
111,120,221,None,24,26,48,0
None,None,None,None,0,0,0,0
None,None,None,None,0,0,0,0
None,6,None,None,0,100,0,0
None,17,None,None,0,100,0,0
None,None,None,None,0,0,0,0
None,None,None,None,0,0,0,0
None,None,None,None,0,0,0,0
None,None,None,None,0,0,0,0
None,None,None,None,0,0,0,0
148,80,116,1,43,23,33,0
None,None,13,None,0,0,100,0
None,None,None,None,0,0,0,0
None,None,None,None,0,0,0,0
None,65,None,None,0,100,0,0
None,None,None,None,0,0,0,0
None,None,None,None,0,0,0,0
None,None,None,None,0,0,0,0
None,None,None,None,0,0,0,0
None,None,62,1,0,0,100,1
None,None,35,None,0,0,100,0
None,None,None,None,0,0,0,0
None,None,None,None,0,0,0,0
None,None,None,None,0,0,0,0
106,192,104,None,26,47,25,0
None,None,None,None,0,0,0,0
None,None,None,None,0,0,0,0
None,None,None,None,0,0,0,0
None,None,None,None,0,0,0,0
None,None,None,None,0,0,0,0
None,None,None,None,0,0,0,0
None,None,None,None,0,0,0,0
None,None,None,None,0,0,0,0
None,None,None,None,0,0,0,0
None,71,100,None,0,41,58,0
None,None,None,None,0,0,0,0
None,None,56,None,0,0,100,0
18,18,None,None,50,49,0,0
None,None,None,None,0,0,0,0
None,None,None,None,0,0,0,0
None,None,None,None,0,0,0,0
None,None,None,None,0,0,0,0
None,None,None,None,0,0,0,0
None,None,None,None,0,0,0,0
None,None,None,None,0,0,0,0
19,96,22,None,13,69,16,0
None,None,None,None,0,0,0,0
None,None,None,None,0,0,0,0
None,None,None,None,0,0,0,0
None,None,None,None,0,0,0,0
None,None,None,None,0,0,0,0
None,None,None,None,0,0,0,0
None,5,None,None,0,100,0,0
None,None,None,None,0,0,0,0
126,99,132,None,35,27,36,0
None,None,None,None,0,0,0,0
None,None,None,None,0,0,0,0
None,None,None,None,0,0,0,0
None,None,None,None,0,0,0,0
None,None,None,None,0,0,0,0
137,None,105,None,56,0,43,0
None,None,None,None,0,0,0,0
180,389,435,1,17,38,43,0
None,None,None,None,0,0,0,0
None,19,58,1,0,24,75,1
None,None,22,None,0,0,100,0
None,None,None,None,0,0,0,0
None,None,None,None,0,0,0,0
None,None,None,None,0,0,0,0
None,None,None,None,0,0,0,0
None,None,None,None,0,0,0,0
328,105,133,None,57,18,23,0
None,None,None,None,0,0,0,0
None,None,None,None,0,0,0,0
56,None,228,None,19,0,80,0
None,None,None,None,0,0,0,0
68,39,91,None,34,19,45,0
None,None,None,None,0,0,0,0
None,None,None,None,0,0,0,0
None,None,None,None,0,0,0,0
None,None,None,None,0,0,0,0
None,None,None,None,0,0,0,0
956,799,834,None,36,30,32,0
None,None,30,None,0,0,100,0
None,None,23,None,0,0,100,0
None,None,None,None,0,0,0,0
None,None,None,None,0,0,0,0
None,None,None,None,0,0,0,0
None,None,None,None,0,0,0,0
None,None,None,None,0,0,0,0
None,None,None,None,0,0,0,0
None,None,None,None,0,0,0,0
None,None,None,None,0,0,0,0
None,None,None,None,0,0,0,0
None,None,None,None,0,0,0,0
None,134,None,None,0,100,0,0
None,None,None,None,0,0,0,0
None,None,None,None,0,0,0,0
None,None,None,None,0,0,0,0
41,17,60,None,34,14,50,0
None,None,None,None,0,0,0,0
None,None,72,None,0,0,100,0
None,None,None,None,0,0,0,0
None,None,45,None,0,0,100,0
None,146,237,1,0,38,61,0
None,None,None,None,0,0,0,0
None,None,None,None,0,0,0,0
35,None,None,None,100,0,0,0
475,256,524,None,37,20,41,0
None,None,13,None,0,0,100,0
None,None,None,None,0,0,0,0
35,279,488,None,4,34,60,0
None,None,None,None,0,0,0,0
None,None,None,None,0,0,0,0
None,None,None,None,0,0,0,0
None,None,None,None,0,0,0,0
None,None,None,None,0,0,0,0
None,None,None,None,0,0,0,0
None,None,None,None,0,0,0,0
None,None,None,None,0,0,0,0
None,46,None,None,0,100,0,0
None,None,None,None,0,0,0,0
54,5,6,None,81,8,10,0
None,None,None,None,0,0,0,0
None,None,None,None,0,0,0,0
247,292,224,1,32,38,29,0
None,None,None,None,0,0,0,0
None,None,61,None,0,0,100,0
None,None,None,None,0,0,0,0
37,19,None,None,65,34,0,0
None,22,None,None,0,100,0,0
None,None,None,None,0,0,0,0
None,45,None,None,0,100,0,0
None,None,None,None,0,0,0,0
None,None,None,None,0,0,0,0
None,None,None,None,0,0,0,0
None,None,None,None,0,0,0,0
None,None,None,None,0,0,0,0
None,None,None,None,0,0,0,0
None,None,None,None,0,0,0,0
None,None,None,None,0,0,0,0
151,None,25,None,85,0,14,0
20,75,58,None,13,48,37,0
None,None,None,None,0,0,0,0
None,None,None,None,0,0,0,0
None,None,None,None,0,0,0,0
None,148,None,None,0,100,0,0
None,None,None,None,0,0,0,0
None,None,None,None,0,0,0,0
11,None,None,None,100,0,0,0
None,None,20,None,0,0,100,0
None,None,None,None,0,0,0,0
None,None,None,None,0,0,0,0
None,None,None,None,0,0,0,0
None,None,None,None,0,0,0,0
None,None,None,None,0,0,0,0
None,None,None,None,0,0,0,0
None,142,None,None,0,100,0,0
None,None,None,None,0,0,0,0
None,None,None,None,0,0,0,0
None,None,None,None,0,0,0,0
None,62,56,None,0,52,47,0
None,None,None,None,0,0,0,0
None,None,None,None,0,0,0,0
32,11,None,None,74,25,0,0
None,95,29,None,0,76,23,0
None,115,None,None,0,100,0,0
110,64,33,None,53,30,16,0
None,None,None,None,0,0,0,0
None,None,None,None,0,0,0,0
None,None,None,None,0,0,0,0
None,None,None,None,0,0,0,0
None,None,None,None,0,0,0,0
None,None,None,None,0,0,0,0
None,None,None,None,0,0,0,0
None,None,None,None,0,0,0,0
None,None,None,None,0,0,0,0
82,None,None,1,100,0,0,1
None,None,None,None,0,0,0,0
None,None,None,None,0,0,0,0
None,None,None,None,0,0,0,0
None,None,None,None,0,0,0,0
None,25,20,None,0,55,44,0
None,None,None,None,0,0,0,0
None,None,None,None,0,0,0,0
None,None,35,None,0,0,100,0
None,None,None,None,0,0,0,0
None,None,None,None,0,0,0,0
94,202,604,None,10,22,67,0
32,None,53,None,37,0,62,0
None,None,None,None,0,0,0,0
None,None,6,None,0,0,100,0
None,None,None,None,0,0,0,0
None,None,None,None,0,0,0,0
None,None,None,None,0,0,0,0
None,None,12,None,0,0,100,0
214,59,None,None,78,21,0,0
None,None,None,None,0,0,0,0
None,None,None,None,0,0,0,0
None,None,None,None,0,0,0,0
106,249,461,None,13,30,56,0
None,None,None,None,0,0,0,0
None,None,None,None,0,0,0,0
125,194,179,None,25,38,36,0
None,None,5,None,0,0,100,0
None,None,None,None,0,0,0,0
None,52,57,None,0,47,52,0
None,None,None,None,0,0,0,0
31,185,None,None,14,85,0,0
None,19,None,None,0,100,0,0
None,None,None,None,0,0,0,0
None,None,None,None,0,0,0,0
None,None,None,None,0,0,0,0
None,None,None,None,0,0,0,0
14,None,28,None,33,0,66,0
None,None,216,None,0,0,100,0
None,None,None,None,0,0,0,0
None,None,None,None,0,0,0,0
None,None,None,None,0,0,0,0
None,None,None,None,0,0,0,0
None,None,None,None,0,0,0,0
77,90,108,None,28,32,39,0
None,None,None,None,0,0,0,0
None,None,None,None,0,0,0,0
None,None,None,None,0,0,0,0
None,156,None,None,0,100,0,0
None,None,None,None,0,0,0,0
None,None,None,None,0,0,0,0
None,None,None,None,0,0,0,0
158,185,420,None,20,24,55,0
None,None,None,None,0,0,0,0
None,None,24,None,0,0,100,0
None,None,None,None,0,0,0,0
8,None,100,None,8,0,91,0
None,None,None,None,0,0,0,0
None,None,None,None,0,0,0,0
None,None,None,None,0,0,0,0
12,13,None,None,49,50,0,0
None,None,None,None,0,0,0,0
None,None,None,None,0,0,0,0
None,None,None,None,0,0,0,0
30,None,None,None,100,0,0,0
None,None,None,None,0,0,0,0
88,253,None,None,25,74,0,0
None,None,None,None,0,0,0,0
None,None,None,None,0,0,0,0
None,None,None,None,0,0,0,0
271,283,148,None,38,40,21,0
None,None,None,None,0,0,0,0
None,None,None,None,0,0,0,0
None,None,None,None,0,0,0,0
None,None,None,None,0,0,0,0
118,88,15,None,53,39,6,0
None,None,None,None,0,0,0,0
None,None,None,None,0,0,0,0
None,None,None,None,0,0,0,0
None,None,None,None,0,0,0,0
None,None,None,None,0,0,0,0
None,None,None,None,0,0,0,0
None,None,None,None,0,0,0,0
None,None,None,None,0,0,0,0
None,40,None,None,0,100,0,0
113,237,308,2,17,36,46,0
None,None,None,None,0,0,0,0
470,784,168,None,33,55,11,0
None,None,None,None,0,0,0,0
None,None,None,None,0,0,0,0
None,None,None,None,0,0,0,0
None,None,None,None,0,0,0,0
6,321,357,None,0,46,52,0
None,None,None,None,0,0,0,0
None,None,35,None,0,0,100,0
None,None,None,None,0,0,0,0
None,None,None,None,0,0,0,0
None,None,None,None,0,0,0,0
None,None,None,None,0,0,0,0
None,None,None,None,0,0,0,0
123,129,304,None,22,23,54,0
None,None,None,None,0,0,0,0
None,None,None,None,0,0,0,0
411,319,118,1,48,37,13,0
None,None,None,None,0,0,0,0
None,None,None,None,0,0,0,0
None,None,None,None,0,0,0,0
None,None,None,1,0,0,0,2147483647
None,None,None,None,0,0,0,0
None,None,None,None,0,0,0,0
None,None,None,None,0,0,0,0
None,None,None,None,0,0,0,0
None,None,None,None,0,0,0,0
None,32,None,None,0,100,0,0
71,None,None,None,100,0,0,0
None,None,None,None,0,0,0,0
16,None,None,1,100,0,0,6
None,None,None,None,0,0,0,0
110,349,476,None,11,37,50,0
None,None,None,None,0,0,0,0
None,None,None,None,0,0,0,0
None,None,116,None,0,0,100,0
None,23,13,None,0,64,35,0
None,None,None,None,0,0,0,0
None,None,None,None,0,0,0,0
None,None,None,None,0,0,0,0
None,None,None,None,0,0,0,0
20,75,98,2,10,38,50,1
None,None,None,None,0,0,0,0
None,None,None,None,0,0,0,0
None,104,None,None,0,100,0,0
None,None,None,None,0,0,0,0
461,1253,338,2,22,61,16,0
None,163,127,None,0,56,43,0
None,None,None,None,0,0,0,0
None,24,None,None,0,100,0,0
None,None,None,None,0,0,0,0
None,None,None,None,0,0,0,0
None,None,None,None,0,0,0,0
None,None,None,None,0,0,0,0
None,None,None,None,0,0,0,0
None,None,None,None,0,0,0,0
None,None,None,None,0,0,0,0
None,None,None,None,0,0,0,0
None,None,None,None,0,0,0,0
None,None,None,None,0,0,0,0
None,None,None,None,0,0,0,0
None,None,None,None,0,0,0,0
None,None,None,None,0,0,0,0
None,None,36,None,0,0,100,0
None,None,57,None,0,0,100,0
None,None,None,None,0,0,0,0
28,None,None,None,100,0,0,0
None,None,None,None,0,0,0,0
None,None,None,None,0,0,0,0
None,None,None,None,0,0,0,0
None,None,None,None,0,0,0,0
None,None,None,None,0,0,0,0
None,None,None,None,0,0,0,0
None,None,None,None,0,0,0,0
None,None,110,None,0,0,100,0
None,None,None,None,0,0,0,0
116,None,37,1,75,0,24,0
None,4,None,None,0,100,0,0
None,None,None,None,0,0,0,0
220,None,102,None,68,0,31,0
None,None,None,None,0,0,0,0
None,None,92,None,0,0,100,0
33,None,72,None,31,0,68,0
None,None,None,None,0,0,0,0
47,79,260,None,12,20,67,0
None,None,None,None,0,0,0,0
471,1216,1159,None,16,42,40,0
None,14,86,None,0,14,85,0
None,None,None,None,0,0,0,0
None,None,None,None,0,0,0,0
None,None,5,None,0,0,100,0
None,None,102,None,0,0,100,0
30,73,145,None,12,29,58,0
None,None,None,None,0,0,0,0
None,None,None,None,0,0,0,0
None,None,None,None,0,0,0,0
None,None,203,None,0,0,100,0
None,None,None,None,0,0,0,0
160,108,65,None,48,32,19,0
None,None,None,None,0,0,0,0
None,None,None,None,0,0,0,0
None,None,None,None,0,0,0,0
None,None,20,None,0,0,100,0
359,43,237,None,56,6,37,0
748,374,401,3,49,24,26,0
None,None,None,None,0,0,0,0
None,None,None,1,0,0,0,2147483647
None,None,None,None,0,0,0,0
None,None,None,None,0,0,0,0
None,None,None,None,0,0,0,0
None,None,None,None,0,0,0,0
None,None,None,None,0,0,0,0
None,None,4,None,0,0,100,0
None,None,51,None,0,0,100,0
None,None,None,None,0,0,0,0
None,None,None,None,0,0,0,0
None,None,14,None,0,0,100,0
138,23,142,None,45,7,46,0
None,None,None,None,0,0,0,0
None,None,None,None,0,0,0,0
None,None,None,None,0,0,0,0
None,None,None,None,0,0,0,0
None,None,None,None,0,0,0,0
31,None,None,None,100,0,0,0
None,None,None,None,0,0,0,0
40,217,None,None,15,84,0,0
20,86,None,None,19,80,0,0
None,None,None,None,0,0,0,0
None,None,None,None,0,0,0,0
None,None,None,None,0,0,0,0
72,329,323,None,10,45,44,0
None,None,None,None,0,0,0,0
None,None,None,None,0,0,0,0
36,70,62,None,21,41,36,0
None,None,None,None,0,0,0,0
80,None,88,1,47,0,52,0
None,None,None,None,0,0,0,0
None,None,None,None,0,0,0,0
None,None,None,None,0,0,0,0
None,16,14,None,0,54,45,0
None,None,None,None,0,0,0,0
None,None,None,None,0,0,0,0
None,None,None,None,0,0,0,0
None,None,None,None,0,0,0,0
None,None,None,None,0,0,0,0
197,242,269,None,27,34,37,0
None,None,None,None,0,0,0,0
None,None,None,None,0,0,0,0
None,None,None,None,0,0,0,0
None,None,None,None,0,0,0,0
None,275,267,None,0,50,49,0
105,None,247,None,29,0,70,0
86,26,69,1,47,14,37,0
None,None,None,None,0,0,0,0
None,None,34,None,0,0,100,0
None,None,None,None,0,0,0,0
None,None,None,None,0,0,0,0
None,None,None,None,0,0,0,0
None,None,32,1,0,0,100,3
None,None,None,None,0,0,0,0
None,None,None,None,0,0,0,0
None,None,None,None,0,0,0,0
None,None,None,None,0,0,0,0
None,None,None,None,0,0,0,0
53,231,279,None,9,40,49,0
None,None,None,None,0,0,0,0
None,None,None,None,0,0,0,0
None,None,None,None,0,0,0,0
11,None,None,None,100,0,0,0
None,None,None,None,0,0,0,0
401,237,303,None,42,25,32,0
None,None,None,None,0,0,0,0
None,None,None,None,0,0,0,0
None,None,None,None,0,0,0,0
None,None,None,None,0,0,0,0
None,33,None,None,0,100,0,0
None,29,None,None,0,100,0,0
None,None,None,None,0,0,0,0
755,791,630,None,34,36,28,0
None,None,None,None,0,0,0,0
None,None,None,None,0,0,0,0
None,None,None,None,0,0,0,0
None,None,None,None,0,0,0,0
None,None,None,None,0,0,0,0
None,None,None,None,0,0,0,0
None,None,None,None,0,0,0,0
333,None,334,None,49,0,50,0
None,None,None,None,0,0,0,0
None,None,None,None,0,0,0,0
None,None,None,None,0,0,0,0
38,None,None,None,100,0,0,0
None,None,None,None,0,0,0,0
None,None,None,None,0,0,0,0
None,None,None,None,0,0,0,0
None,None,None,None,0,0,0,0
None,None,None,None,0,0,0,0
None,66,None,None,0,100,0,0
None,42,153,None,0,21,78,0
None,None,None,None,0,0,0,0
None,None,None,None,0,0,0,0
None,None,None,None,0,0,0,0
27,50,119,None,13,25,60,0
None,None,None,None,0,0,0,0
None,None,None,None,0,0,0,0
None,122,None,None,0,100,0,0
None,None,None,None,0,0,0,0
None,None,38,None,0,0,100,0
None,None,None,None,0,0,0,0
None,28,None,None,0,100,0,0
None,None,None,None,0,0,0,0
None,None,None,None,0,0,0,0
89,96,61,None,36,38,24,0
None,15,None,None,0,100,0,0
None,None,None,None,0,0,0,0
None,None,None,None,0,0,0,0
21,None,4,None,83,0,16,0
None,None,None,None,0,0,0,0
None,None,None,None,0,0,0,0
None,None,None,None,0,0,0,0
None,None,None,None,0,0,0,0
None,31,None,None,0,100,0,0
None,None,None,None,0,0,0,0
None,None,None,None,0,0,0,0
None,None,None,None,0,0,0,0
None,None,None,None,0,0,0,0
None,None,None,None,0,0,0,0
None,None,None,None,0,0,0,0
None,None,None,None,0,0,0,0
None,16,None,None,0,100,0,0
None,None,None,None,0,0,0,0
None,None,None,None,0,0,0,0
None,None,None,None,0,0,0,0
None,None,397,None,0,0,100,0
None,None,None,None,0,0,0,0
None,None,None,None,0,0,0,0
None,None,None,None,0,0,0,0
None,None,48,None,0,0,100,0
616,1149,636,None,25,47,26,0
None,None,None,None,0,0,0,0
None,None,None,None,0,0,0,0
6,None,None,None,100,0,0,0
None,None,None,None,0,0,0,0
None,None,None,None,0,0,0,0
60,None,None,None,100,0,0,0
None,None,None,None,0,0,0,0
None,15,None,None,0,100,0,0
28,198,158,1,7,51,41,0
None,None,None,None,0,0,0,0
None,None,None,None,0,0,0,0
None,None,None,None,0,0,0,0
None,389,223,None,0,63,36,0
None,None,None,None,0,0,0,0
152,None,52,None,74,0,25,0
None,100,None,None,0,100,0,0
None,None,32,None,0,0,100,0
None,None,None,None,0,0,0,0
None,None,None,None,0,0,0,0
None,None,None,None,0,0,0,0
None,None,None,None,0,0,0,0
None,None,None,None,0,0,0,0
None,None,None,None,0,0,0,0
None,None,None,None,0,0,0,0
None,None,None,None,0,0,0,0
None,None,None,None,0,0,0,0
None,37,None,None,0,100,0,0
None,None,None,None,0,0,0,0
None,None,None,None,0,0,0,0
None,None,None,None,0,0,0,0
None,None,None,None,0,0,0,0
None,None,54,None,0,0,100,0
None,None,None,None,0,0,0,0
None,None,None,None,0,0,0,0
None,None,55,None,0,0,100,0
None,16,None,None,0,100,0,0
None,None,None,None,0,0,0,0
None,None,None,None,0,0,0,0
None,109,8,None,0,93,6,0
None,None,None,None,0,0,0,0
None,None,None,None,0,0,0,0
None,None,None,None,0,0,0,0
None,None,None,None,0,0,0,0
None,None,None,None,0,0,0,0
None,None,None,None,0,0,0,0
None,None,None,None,0,0,0,0
None,None,None,None,0,0,0,0
None,None,None,None,0,0,0,0
None,None,43,None,0,0,100,0
None,None,None,None,0,0,0,0
None,20,80,None,0,20,79,0
None,None,None,None,0,0,0,0
49,None,105,None,31,0,68,0
12,48,None,None,20,79,0,0
None,None,None,None,0,0,0,0
None,None,None,None,0,0,0,0
None,None,None,None,0,0,0,0
None,None,9,None,0,0,100,0
None,None,None,None,0,0,0,0
None,None,None,None,0,0,0,0
None,None,None,None,0,0,0,0
None,None,None,None,0,0,0,0
None,None,None,None,0,0,0,0
234,33,198,1,50,7,42,0
None,None,None,None,0,0,0,0
None,None,None,None,0,0,0,0
41,62,34,None,30,45,24,0
None,None,None,None,0,0,0,0
None,None,None,None,0,0,0,0
None,None,None,None,0,0,0,0
31,50,60,None,22,35,42,0
None,None,None,None,0,0,0,0
None,None,None,None,0,0,0,0
4,None,5,None,44,0,55,0
448,483,653,None,28,30,41,0
None,None,None,None,0,0,0,0
None,None,None,None,0,0,0,0
None,None,None,None,0,0,0,0
None,None,None,None,0,0,0,0
None,None,None,None,0,0,0,0
None,None,None,None,0,0,0,0
None,None,None,None,0,0,0,0
None,None,None,None,0,0,0,0
None,None,None,None,0,0,0,0
None,None,None,None,0,0,0,0
None,None,None,None,0,0,0,0
None,None,None,None,0,0,0,0
None,None,None,None,0,0,0,0
None,None,None,None,0,0,0,0
73,86,331,None,15,17,67,0
211,327,184,None,29,45,25,0
None,None,None,None,0,0,0,0
None,None,None,None,0,0,0,0
None,None,None,None,0,0,0,0
None,None,None,None,0,0,0,0
None,None,None,None,0,0,0,0
None,None,47,None,0,0,100,0
None,41,None,None,0,100,0,0
None,None,None,None,0,0,0,0
None,None,123,None,0,0,100,0
None,None,None,None,0,0,0,0
191,49,100,None,55,14,29,0
None,21,None,None,0,100,0,0
None,None,None,None,0,0,0,0
170,199,150,1,32,38,28,0
None,None,40,None,0,0,100,0
None,20,None,None,0,100,0,0
None,None,None,None,0,0,0,0
None,None,None,None,0,0,0,0
None,None,None,None,0,0,0,0
None,None,None,None,0,0,0,0
None,None,None,None,0,0,0,0
None,None,None,None,0,0,0,0
None,4,117,4,0,3,96,3
None,None,None,None,0,0,0,0
None,None,None,None,0,0,0,0
None,None,63,None,0,0,100,0
None,None,None,None,0,0,0,0
None,None,None,None,0,0,0,0
None,None,None,None,0,0,0,0
None,None,None,None,0,0,0,0
None,None,None,None,0,0,0,0
None,None,None,None,0,0,0,0
None,None,None,None,0,0,0,0
None,None,None,None,0,0,0,0
32,None,19,None,61,0,38,0
None,None,None,None,0,0,0,0
None,None,None,None,0,0,0,0
None,None,None,None,0,0,0,0
99,24,56,None,55,13,31,0
None,None,None,None,0,0,0,0
None,None,None,None,0,0,0,0
None,None,None,None,0,0,0,0
None,None,None,None,0,0,0,0
None,None,None,None,0,0,0,0
None,None,None,None,0,0,0,0
None,None,None,None,0,0,0,0
371,254,340,1,38,26,35,0
None,None,None,None,0,0,0,0
None,None,None,None,0,0,0,0
None,None,None,None,0,0,0,0
None,None,None,None,0,0,0,0
None,20,182,None,0,9,90,0
22,34,80,None,16,24,58,0
None,None,None,None,0,0,0,0
144,273,204,None,23,43,32,0
None,None,None,None,0,0,0,0
None,None,None,None,0,0,0,0
None,None,None,None,0,0,0,0
None,None,None,None,0,0,0,0
None,None,None,None,0,0,0,0
None,None,None,None,0,0,0,0
None,None,None,None,0,0,0,0
None,None,None,None,0,0,0,0
None,None,None,None,0,0,0,0
None,None,None,None,0,0,0,0
None,None,None,None,0,0,0,0
129,144,349,None,20,23,56,0
None,None,None,None,0,0,0,0
None,None,None,None,0,0,0,0
None,None,None,None,0,0,0,0
None,None,None,None,0,0,0,0
49,18,25,None,52,20,27,0
None,None,None,None,0,0,0,0
None,82,None,None,0,100,0,0
None,None,None,None,0,0,0,0
None,None,None,None,0,0,0,0
None,120,None,None,0,100,0,0
None,None,None,None,0,0,0,0
None,None,None,None,0,0,0,0
None,None,None,None,0,0,0,0
None,None,None,None,0,0,0,0
None,None,None,None,0,0,0,0
None,None,8,None,0,0,100,0
None,None,None,None,0,0,0,0
None,42,117,None,0,26,73,0
None,None,None,None,0,0,0,0
122,None,58,None,67,0,32,0
None,None,None,None,0,0,0,0
None,None,None,None,0,0,0,0
None,None,None,None,0,0,0,0
None,None,None,None,0,0,0,0
None,None,None,None,0,0,0,0
164,496,899,2,10,31,57,0
None,17,None,None,0,100,0,0
None,None,None,None,0,0,0,0
None,None,None,None,0,0,0,0
None,None,None,None,0,0,0,0
None,None,None,None,0,0,0,0
None,None,None,None,0,0,0,0
None,None,10,None,0,0,100,0
None,None,None,None,0,0,0,0
None,None,None,None,0,0,0,0
None,None,None,None,0,0,0,0
None,None,None,None,0,0,0,0
44,129,19,None,22,67,10,0
None,None,None,None,0,0,0,0
None,None,None,None,0,0,0,0
None,None,None,None,0,0,0,0
None,None,35,None,0,0,100,0
None,None,None,None,0,0,0,0
None,None,None,None,0,0,0,0
None,None,None,None,0,0,0,0
None,3,16,None,0,19,80,0
None,None,None,None,0,0,0,0
118,102,57,1,42,36,20,0
113,None,127,None,47,0,52,0
None,None,None,None,0,0,0,0
None,None,None,None,0,0,0,0
None,None,None,None,0,0,0,0
None,None,None,None,0,0,0,0
None,None,None,None,0,0,0,0
157,241,100,None,31,48,20,0
None,None,10,None,0,0,100,0
None,None,None,None,0,0,0,0
None,57,6,None,0,90,9,0
None,None,None,None,0,0,0,0
None,None,None,None,0,0,0,0
None,None,None,None,0,0,0,0
None,None,None,None,0,0,0,0
None,None,None,None,0,0,0,0
154,337,300,None,19,42,37,0
337,16,44,None,84,4,11,0
None,None,None,None,0,0,0,0
None,None,None,None,0,0,0,0
69,None,None,None,100,0,0,0
None,None,None,None,0,0,0,0
37,None,None,None,100,0,0,0
None,None,None,None,0,0,0,0
None,None,None,None,0,0,0,0
50,None,None,None,100,0,0,0
None,None,None,None,0,0,0,0
None,None,None,None,0,0,0,0
None,154,15,None,0,91,8,0
None,265,None,None,0,100,0,0
None,None,None,None,0,0,0,0
None,None,None,None,0,0,0,0
None,None,None,None,0,0,0,0
None,None,None,None,0,0,0,0
None,None,None,None,0,0,0,0
None,None,None,None,0,0,0,0
None,40,None,None,0,100,0,0
None,None,None,None,0,0,0,0
34,None,None,None,100,0,0,0
None,None,None,None,0,0,0,0
None,None,None,None,0,0,0,0
None,None,None,None,0,0,0,0
None,166,41,None,0,80,19,0
None,None,None,None,0,0,0,0
None,73,12,None,0,85,14,0
None,None,None,None,0,0,0,0
None,None,None,None,0,0,0,0
18,None,44,None,29,0,70,0
43,None,18,None,69,0,30,0
None,None,None,None,0,0,0,0
None,34,32,None,0,51,48,0
None,None,17,None,0,0,100,0
None,None,None,None,0,0,0,0
None,23,None,None,0,100,0,0
None,41,None,None,0,100,0,0
None,96,None,None,0,100,0,0
None,None,None,None,0,0,0,0
None,None,None,None,0,0,0,0
None,None,10,None,0,0,100,0
None,None,None,None,0,0,0,0
39,None,31,None,55,0,44,0
120,179,516,None,14,21,63,0
None,None,None,None,0,0,0,0
None,None,None,None,0,0,0,0
None,None,None,None,0,0,0,0
None,None,None,None,0,0,0,0
None,None,None,None,0,0,0,0
None,None,None,None,0,0,0,0
None,None,None,None,0,0,0,0
None,None,None,None,0,0,0,0
None,None,None,None,0,0,0,0
None,None,None,None,0,0,0,0
None,118,None,None,0,100,0,0
None,None,None,None,0,0,0,0
None,None,None,None,0,0,0,0
None,None,None,None,0,0,0,0
35,15,17,None,52,22,25,0
None,None,None,None,0,0,0,0
None,52,None,None,0,100,0,0
None,None,None,None,0,0,0,0
45,337,20,None,11,83,4,0
None,None,None,None,0,0,0,0
None,None,None,None,0,0,0,0
None,None,None,None,0,0,0,0
None,None,None,None,0,0,0,0
None,None,None,None,0,0,0,0
None,None,None,1,0,0,0,2147483647
None,None,None,None,0,0,0,0
None,None,None,None,0,0,0,0
None,None,None,None,0,0,0,0
None,46,None,None,0,100,0,0
None,None,None,None,0,0,0,0
46,None,258,None,15,0,84,0
None,28,30,None,0,48,51,0
None,None,None,None,0,0,0,0
231,331,171,None,31,45,23,0
None,None,None,None,0,0,0,0
29,77,None,1,27,72,0,0
None,None,None,None,0,0,0,0
None,None,None,None,0,0,0,0
None,None,None,None,0,0,0,0
None,None,None,None,0,0,0,0
None,None,None,None,0,0,0,0
None,None,None,None,0,0,0,0
None,None,85,None,0,0,100,0
None,None,None,None,0,0,0,0
None,624,567,None,0,52,47,0
None,None,150,None,0,0,100,0
None,None,None,None,0,0,0,0
None,None,None,None,0,0,0,0
None,None,None,None,0,0,0,0
None,None,None,None,0,0,0,0
None,None,None,None,0,0,0,0
None,None,None,None,0,0,0,0
None,196,None,None,0,100,0,0
None,None,None,None,0,0,0,0
None,None,None,None,0,0,0,0
None,None,None,None,0,0,0,0
None,None,None,None,0,0,0,0
None,None,None,None,0,0,0,0
None,None,None,None,0,0,0,0
41,88,109,None,17,36,45,0
None,None,None,None,0,0,0,0
None,None,None,None,0,0,0,0
None,None,None,None,0,0,0,0
None,None,None,None,0,0,0,0
None,None,None,None,0,0,0,0
None,None,None,None,0,0,0,0
None,None,None,None,0,0,0,0
None,None,None,None,0,0,0,0
47,59,70,None,26,33,39,0
64,None,None,1,100,0,0,1
None,None,None,None,0,0,0,0
None,None,None,None,0,0,0,0
None,None,None,None,0,0,0,0
None,None,None,None,0,0,0,0
None,None,None,None,0,0,0,0
None,None,None,None,0,0,0,0
None,None,None,None,0,0,0,0
None,None,None,None,0,0,0,0
None,15,None,None,0,100,0,0
None,None,235,None,0,0,100,0
None,None,244,None,0,0,100,0
None,None,None,None,0,0,0,0
None,72,None,None,0,100,0,0
106,79,98,None,37,27,34,0
None,None,None,None,0,0,0,0
15,36,14,1,23,54,21,1
None,None,None,None,0,0,0,0
None,None,None,1,0,0,0,2147483647
None,None,None,None,0,0,0,0
None,None,None,None,0,0,0,0
None,None,47,None,0,0,100,0
None,None,None,None,0,0,0,0
None,None,None,None,0,0,0,0
None,None,None,None,0,0,0,0
None,None,9,None,0,0,100,0
1466,1148,853,None,42,33,24,0
None,None,None,None,0,0,0,0
None,None,None,None,0,0,0,0
None,None,None,None,0,0,0,0
None,None,None,None,0,0,0,0
46,31,176,None,18,12,69,0
None,None,None,None,0,0,0,0
None,None,None,None,0,0,0,0
None,None,None,None,0,0,0,0
433,364,381,1,36,30,32,0
None,None,None,None,0,0,0,0
None,20,27,None,0,42,57,0
None,None,None,None,0,0,0,0
None,141,None,None,0,100,0,0
None,None,None,None,0,0,0,0
None,93,None,None,0,100,0,0
157,418,52,None,25,66,8,0
None,None,None,None,0,0,0,0
None,None,None,None,0,0,0,0
None,None,None,None,0,0,0,0
None,None,None,None,0,0,0,0
None,None,None,None,0,0,0,0
None,None,None,None,0,0,0,0
None,None,None,None,0,0,0,0
None,None,None,None,0,0,0,0
None,None,None,None,0,0,0,0
None,None,None,None,0,0,0,0
None,None,None,None,0,0,0,0
None,None,None,None,0,0,0,0
None,None,None,None,0,0,0,0
None,None,None,None,0,0,0,0
None,None,None,None,0,0,0,0
None,9,None,None,0,100,0,0
None,None,None,None,0,0,0,0
None,None,None,None,0,0,0,0
None,None,None,None,0,0,0,0
None,None,None,None,0,0,0,0
142,75,None,None,65,34,0,0
None,None,None,None,0,0,0,0
None,None,22,None,0,0,100,0
36,None,95,None,27,0,72,0
None,20,None,None,0,100,0,0
None,None,None,None,0,0,0,0
None,None,None,None,0,0,0,0
None,None,None,None,0,0,0,0
None,None,None,None,0,0,0,0
None,None,None,None,0,0,0,0
None,None,None,None,0,0,0,0
None,None,None,None,0,0,0,0
160,199,431,None,20,25,54,0
None,None,None,None,0,0,0,0
None,None,None,None,0,0,0,0
None,None,None,None,0,0,0,0
None,None,None,None,0,0,0,0
None,None,None,None,0,0,0,0
None,None,None,None,0,0,0,0
None,None,None,None,0,0,0,0
None,None,None,None,0,0,0,0
27,117,223,None,7,31,60,0
None,None,None,None,0,0,0,0
None,None,None,None,0,0,0,0
None,None,None,None,0,0,0,0
None,None,None,None,0,0,0,0
None,None,None,None,0,0,0,0
None,None,None,None,0,0,0,0
None,None,None,None,0,0,0,0
None,None,None,None,0,0,0,0
None,None,None,None,0,0,0,0
None,None,None,None,0,0,0,0
None,None,None,None,0,0,0,0
None,None,None,None,0,0,0,0
None,None,3,None,0,0,100,0
None,None,None,None,0,0,0,0
None,None,None,None,0,0,0,0
391,117,23,None,73,22,4,0
None,None,None,None,0,0,0,0
None,None,None,None,0,0,0,0
None,None,None,None,0,0,0,0
None,None,None,None,0,0,0,0
None,None,None,None,0,0,0,0
None,None,None,None,0,0,0,0
None,None,None,None,0,0,0,0
None,None,None,None,0,0,0,0
None,None,None,None,0,0,0,0
None,None,None,None,0,0,0,0
None,None,None,None,0,0,0,0
16,23,84,None,13,18,67,0
365,467,203,1,35,45,19,0
93,136,None,2,40,59,0,0
8,None,None,None,100,0,0,0
None,None,None,None,0,0,0,0
153,48,18,None,69,21,8,0
100,139,87,None,30,42,26,0
358,369,541,None,28,29,42,0
90,111,None,None,44,55,0,0
None,None,224,None,0,0,100,0
None,41,None,None,0,100,0,0
None,None,None,None,0,0,0,0
85,74,84,None,34,30,34,0
None,None,None,None,0,0,0,0
None,None,None,None,0,0,0,0
None,None,46,None,0,0,100,0
568,1366,725,None,21,51,27,0
None,None,None,None,0,0,0,0
None,None,None,None,0,0,0,0
None,None,None,None,0,0,0,0
None,None,None,None,0,0,0,0
None,None,None,None,0,0,0,0
62,103,None,None,37,62,0,0
None,None,None,None,0,0,0,0
None,None,None,None,0,0,0,0
9,None,None,None,100,0,0,0
None,12,None,1,0,100,0,7
None,None,None,None,0,0,0,0
None,None,None,None,0,0,0,0
None,None,None,None,0,0,0,0
None,None,None,None,0,0,0,0
None,None,None,None,0,0,0,0
None,None,None,None,0,0,0,0
None,None,None,None,0,0,0,0
None,None,None,None,0,0,0,0
None,None,None,None,0,0,0,0
None,None,None,None,0,0,0,0
None,None,None,None,0,0,0,0
None,None,None,None,0,0,0,0
38,42,134,None,17,19,62,0
None,None,28,None,0,0,100,0
None,None,None,None,0,0,0,0
None,None,None,None,0,0,0,0
None,None,18,None,0,0,100,0
None,None,None,None,0,0,0,0
None,None,None,None,0,0,0,0
None,None,None,None,0,0,0,0
None,None,None,None,0,0,0,0
None,None,None,None,0,0,0,0
135,None,162,None,45,0,54,0
27,None,32,None,45,0,54,0
None,None,None,None,0,0,0,0
None,None,None,None,0,0,0,0
None,None,None,None,0,0,0,0
None,None,None,None,0,0,0,0
None,None,None,None,0,0,0,0
None,63,41,None,0,60,39,0
None,None,None,None,0,0,0,0
286,448,580,None,21,34,44,0
None,36,106,None,0,25,74,0
None,None,None,None,0,0,0,0
None,None,None,None,0,0,0,0
None,None,None,None,0,0,0,0
None,None,None,None,0,0,0,0
None,None,None,None,0,0,0,0
None,None,52,None,0,0,100,0
None,None,None,None,0,0,0,0
None,None,None,None,0,0,0,0
None,None,None,None,0,0,0,0
None,None,None,None,0,0,0,0
None,None,None,None,0,0,0,0
None,None,81,None,0,0,100,0
None,None,37,None,0,0,100,0
None,None,None,None,0,0,0,0
None,None,None,None,0,0,0,0
None,None,None,None,0,0,0,0
167,52,97,None,52,16,30,0
None,None,None,None,0,0,0,0
None,23,21,None,0,53,46,0
None,None,None,None,0,0,0,0
38,47,16,None,37,46,16,0
None,None,None,None,0,0,0,0
None,None,None,None,0,0,0,0
None,None,None,None,0,0,0,0
None,None,None,None,0,0,0,0
None,None,None,None,0,0,0,0
None,None,None,None,0,0,0,0
None,None,None,None,0,0,0,0
None,None,None,None,0,0,0,0
None,None,None,None,0,0,0,0
162,263,309,1,22,35,42,0
None,None,None,None,0,0,0,0
None,None,None,None,0,0,0,0
None,44,None,None,0,100,0,0
None,None,None,1,0,0,0,2147483647
None,None,None,None,0,0,0,0
None,None,None,None,0,0,0,0
None,188,123,None,0,60,39,0
None,None,None,None,0,0,0,0
None,None,None,None,0,0,0,0
None,None,None,None,0,0,0,0
None,None,None,None,0,0,0,0
None,None,None,None,0,0,0,0
None,53,46,None,0,53,46,0
None,91,240,None,0,27,72,0
91,81,72,None,37,33,29,0
None,None,None,None,0,0,0,0
None,None,None,None,0,0,0,0
None,None,None,None,0,0,0,0
None,None,None,None,0,0,0,0
None,None,None,None,0,0,0,0
None,None,None,None,0,0,0,0
None,None,None,None,0,0,0,0
None,19,14,1,0,58,41,2
None,None,None,None,0,0,0,0
None,None,None,None,0,0,0,0
None,None,None,None,0,0,0,0
None,None,None,None,0,0,0,0
None,40,None,None,0,100,0,0
None,None,None,None,0,0,0,0
None,None,None,None,0,0,0,0
120,None,5,None,95,0,4,0
None,None,None,None,0,0,0,0
None,None,None,None,0,0,0,0
None,None,None,1,0,0,0,2147483647
34,267,208,None,6,52,40,0
None,None,None,None,0,0,0,0
None,None,None,None,0,0,0,0
None,67,None,None,0,100,0,0
None,None,None,None,0,0,0,0
None,None,None,None,0,0,0,0
None,None,None,None,0,0,0,0
None,None,None,None,0,0,0,0
None,None,None,None,0,0,0,0
None,42,None,None,0,100,0,0
None,None,None,None,0,0,0,0
392,813,952,1,18,37,44,0
None,None,None,None,0,0,0,0
None,46,None,None,0,100,0,0
None,None,50,None,0,0,100,0
None,None,None,None,0,0,0,0
None,None,19,None,0,0,100,0
108,545,458,2,9,49,41,0
None,None,None,None,0,0,0,0
None,None,None,None,0,0,0,0
None,None,None,None,0,0,0,0
None,None,None,None,0,0,0,0
None,None,None,None,0,0,0,0
None,201,8,None,0,95,4,0
None,None,None,None,0,0,0,0
None,None,None,None,0,0,0,0
None,None,None,None,0,0,0,0
None,None,None,None,0,0,0,0
None,None,None,None,0,0,0,0
None,None,None,None,0,0,0,0
None,None,None,None,0,0,0,0
91,None,None,None,100,0,0,0
15,122,55,None,7,63,28,0
None,None,None,None,0,0,0,0
None,None,None,None,0,0,0,0
9,None,None,None,100,0,0,0
None,None,None,None,0,0,0,0
None,None,None,None,0,0,0,0
None,None,None,None,0,0,0,0
None,None,None,None,0,0,0,0
None,3,None,None,0,100,0,0
None,None,None,None,0,0,0,0
None,None,None,None,0,0,0,0
None,None,None,None,0,0,0,0
None,None,None,None,0,0,0,0
None,None,None,None,0,0,0,0
None,None,None,None,0,0,0,0
None,None,None,None,0,0,0,0
90,None,35,1,71,0,28,0
None,None,30,None,0,0,100,0
44,130,None,None,25,74,0,0
None,None,None,None,0,0,0,0
334,51,368,None,44,6,48,0
None,None,50,None,0,0,100,0
None,None,None,None,0,0,0,0
None,None,None,None,0,0,0,0
None,None,None,None,0,0,0,0
None,None,None,None,0,0,0,0
None,None,None,None,0,0,0,0
62,None,None,None,100,0,0,0
165,79,None,None,67,32,0,0
None,None,None,None,0,0,0,0
None,None,None,None,0,0,0,0
None,None,None,None,0,0,0,0
None,None,None,None,0,0,0,0
None,None,None,None,0,0,0,0
108,86,37,None,46,37,16,0
None,None,None,None,0,0,0,0
None,None,None,None,0,0,0,0
None,None,None,None,0,0,0,0
114,190,74,None,30,50,19,0
None,29,16,None,0,64,35,0
228,171,None,None,57,42,0,0
None,None,None,None,0,0,0,0
None,None,None,None,0,0,0,0
None,171,None,None,0,100,0,0
None,None,None,None,0,0,0,0
16,77,56,1,10,51,37,0
None,None,None,None,0,0,0,0
None,None,None,None,0,0,0,0
None,None,None,None,0,0,0,0
None,None,None,None,0,0,0,0
None,None,None,None,0,0,0,0
None,None,None,None,0,0,0,0
None,None,None,None,0,0,0,0
None,None,None,None,0,0,0,0
None,None,45,1,0,0,100,2
None,None,None,None,0,0,0,0
None,None,None,None,0,0,0,0
213,532,149,None,23,59,16,0
None,None,None,None,0,0,0,0
None,None,None,None,0,0,0,0
None,None,None,None,0,0,0,0
117,55,139,None,37,17,44,0
None,None,None,None,0,0,0,0
None,None,None,None,0,0,0,0
78,135,373,None,13,23,63,0
None,None,44,None,0,0,100,0
None,179,None,None,0,100,0,0
None,None,None,None,0,0,0,0
95,None,77,None,55,0,44,0
None,None,None,None,0,0,0,0
None,None,None,None,0,0,0,0
None,None,None,None,0,0,0,0
None,None,None,None,0,0,0,0
None,None,None,None,0,0,0,0
None,None,None,None,0,0,0,0
None,None,180,None,0,0,100,0
None,None,None,None,0,0,0,0
None,None,19,None,0,0,100,0
None,389,None,None,0,100,0,0
None,None,None,None,0,0,0,0
None,None,None,None,0,0,0,0
None,None,None,None,0,0,0,0
None,None,7,None,0,0,100,0
None,None,None,None,0,0,0,0
None,None,None,None,0,0,0,0
None,None,None,None,0,0,0,0
None,14,None,None,0,100,0,0
None,None,None,None,0,0,0,0
None,None,None,None,0,0,0,0
None,None,18,None,0,0,100,0
None,None,None,None,0,0,0,0
None,34,None,None,0,100,0,0
None,None,None,None,0,0,0,0
None,None,None,None,0,0,0,0
None,68,None,None,0,100,0,0
None,None,None,None,0,0,0,0
None,None,73,None,0,0,100,0
None,None,None,None,0,0,0,0
30,None,None,None,100,0,0,0
5,None,None,None,100,0,0,0
None,None,None,None,0,0,0,0
None,None,None,None,0,0,0,0
None,None,None,None,0,0,0,0
None,None,None,None,0,0,0,0
40,14,14,None,58,20,21,0
None,None,None,None,0,0,0,0
None,None,23,None,0,0,100,0
None,None,None,None,0,0,0,0
None,None,None,None,0,0,0,0
None,15,None,None,0,100,0,0
173,None,174,None,49,0,50,0
None,None,None,None,0,0,0,0
None,None,None,None,0,0,0,0
None,None,None,None,0,0,0,0
None,None,None,None,0,0,0,0
None,None,None,None,0,0,0,0
144,80,40,None,54,30,15,0
38,128,63,None,16,55,27,0
None,None,None,None,0,0,0,0
None,None,None,None,0,0,0,0
11,16,18,2,24,35,40,4
None,None,51,None,0,0,100,0
None,None,None,None,0,0,0,0
None,None,None,None,0,0,0,0
None,None,None,None,0,0,0,0
55,None,None,None,100,0,0,0
None,125,None,None,0,100,0,0
None,None,None,None,0,0,0,0
None,None,None,None,0,0,0,0
8,None,55,None,13,0,86,0
None,None,None,None,0,0,0,0
None,None,None,None,0,0,0,0
None,None,None,None,0,0,0,0
None,None,None,None,0,0,0,0
None,None,None,None,0,0,0,0
None,None,None,None,0,0,0,0
None,None,None,None,0,0,0,0
None,None,None,None,0,0,0,0
None,None,None,None,0,0,0,0
None,None,None,None,0,0,0,0
None,None,None,None,0,0,0,0
None,None,None,None,0,0,0,0
None,None,None,None,0,0,0,0
None,None,None,None,0,0,0,0
None,None,None,None,0,0,0,0
None,131,None,None,0,100,0,0
None,None,None,None,0,0,0,0
None,291,None,None,0,100,0,0
522,319,56,None,58,35,6,0
26,None,None,None,100,0,0,0
None,None,None,None,0,0,0,0
None,None,None,None,0,0,0,0
None,None,None,None,0,0,0,0
None,None,None,None,0,0,0,0
None,None,None,None,0,0,0,0
None,None,None,None,0,0,0,0
None,None,None,None,0,0,0,0
None,116,None,None,0,100,0,0
None,None,None,None,0,0,0,0
None,None,None,None,0,0,0,0
106,133,79,None,33,41,24,0
None,None,None,None,0,0,0,0
None,67,None,None,0,100,0,0
None,None,None,None,0,0,0,0
None,None,None,None,0,0,0,0
None,None,None,None,0,0,0,0
None,None,None,None,0,0,0,0
None,None,None,None,0,0,0,0
None,None,None,None,0,0,0,0
None,182,None,None,0,100,0,0
None,None,None,None,0,0,0,0
None,None,None,None,0,0,0,0
None,None,None,None,0,0,0,0
None,None,None,None,0,0,0,0
None,None,None,2,0,0,0,2147483647
None,None,None,None,0,0,0,0
None,None,None,None,0,0,0,0
166,None,9,None,94,0,5,0
None,None,None,None,0,0,0,0
None,None,None,None,0,0,0,0
203,21,49,None,74,7,18,0
None,277,None,None,0,100,0,0
None,44,None,1,0,100,0,2
None,None,125,None,0,0,100,0
None,None,None,None,0,0,0,0
None,None,None,None,0,0,0,0
None,49,65,None,0,43,56,0
None,None,None,None,0,0,0,0
None,75,None,None,0,100,0,0
None,None,43,None,0,0,100,0
None,None,None,None,0,0,0,0
None,None,9,None,0,0,100,0
None,None,None,None,0,0,0,0
None,None,None,None,0,0,0,0
None,None,None,None,0,0,0,0
None,None,None,None,0,0,0,0
None,None,None,None,0,0,0,0
None,None,None,None,0,0,0,0
None,None,None,None,0,0,0,0
None,None,None,None,0,0,0,0
None,None,None,None,0,0,0,0
None,None,None,None,0,0,0,0
37,None,18,None,66,0,33,0
None,None,None,None,0,0,0,0
89,70,None,None,56,43,0,0
None,None,None,None,0,0,0,0
None,None,None,None,0,0,0,0
None,None,None,None,0,0,0,0
None,None,None,None,0,0,0,0
None,None,None,None,0,0,0,0
None,None,None,None,0,0,0,0
None,None,None,None,0,0,0,0
None,None,None,None,0,0,0,0
None,None,None,None,0,0,0,0
None,None,None,None,0,0,0,0
None,None,None,None,0,0,0,0
None,None,None,None,0,0,0,0
None,157,None,None,0,100,0,0
None,None,None,None,0,0,0,0
308,113,None,None,73,26,0,0
50,135,311,None,10,27,62,0
None,None,None,None,0,0,0,0
None,None,None,None,0,0,0,0
None,None,None,None,0,0,0,0
None,None,None,None,0,0,0,0
None,None,33,None,0,0,100,0
None,None,None,None,0,0,0,0
None,43,None,None,0,100,0,0
105,65,108,1,37,23,38,0
None,None,None,None,0,0,0,0
12,None,None,None,100,0,0,0
None,None,21,1,0,0,100,4
None,None,None,None,0,0,0,0
41,None,68,1,37,0,62,0
56,22,None,None,71,28,0,0
None,None,None,None,0,0,0,0
None,None,138,None,0,0,100,0
None,None,None,None,0,0,0,0
None,None,None,None,0,0,0,0
None,None,None,None,0,0,0,0
None,None,None,None,0,0,0,0
197,245,286,1,27,33,39,0
None,None,None,None,0,0,0,0
None,None,None,None,0,0,0,0
None,None,None,None,0,0,0,0
None,None,8,None,0,0,100,0
None,None,None,None,0,0,0,0
None,None,None,None,0,0,0,0
None,None,None,None,0,0,0,0
None,None,None,None,0,0,0,0
None,None,None,None,0,0,0,0
None,None,None,None,0,0,0,0
None,None,None,None,0,0,0,0
None,None,None,None,0,0,0,0
67,None,None,None,100,0,0,0
None,None,None,None,0,0,0,0
None,None,None,None,0,0,0,0
None,None,None,None,0,0,0,0
None,None,None,None,0,0,0,0
None,None,None,None,0,0,0,0
None,None,None,None,0,0,0,0
None,None,None,None,0,0,0,0
None,None,None,None,0,0,0,0
None,None,None,None,0,0,0,0
None,None,None,None,0,0,0,0
None,None,None,None,0,0,0,0
None,None,None,None,0,0,0,0
403,588,494,None,27,39,33,0
None,17,106,None,0,14,85,0
None,None,None,None,0,0,0,0
None,None,127,None,0,0,100,0
None,None,None,None,0,0,0,0
None,None,49,None,0,0,100,0
None,46,None,None,0,100,0,0
None,None,None,None,0,0,0,0
None,84,31,None,0,73,26,0
None,112,9,None,0,92,7,0
None,34,None,None,0,100,0,0
None,None,None,None,0,0,0,0
None,None,None,None,0,0,0,0
None,None,None,None,0,0,0,0
None,None,None,None,0,0,0,0
None,None,None,None,0,0,0,0
None,None,None,None,0,0,0,0
129,None,None,None,100,0,0,0
None,None,4,1,0,0,100,21
None,None,None,None,0,0,0,0
None,None,24,None,0,0,100,0
None,None,None,None,0,0,0,0
None,None,None,None,0,0,0,0
None,None,None,None,0,0,0,0
None,None,None,None,0,0,0,0
None,32,None,None,0,100,0,0
None,66,None,None,0,100,0,0
None,103,187,None,0,35,64,0
None,None,12,None,0,0,100,0
None,None,None,None,0,0,0,0
None,None,None,None,0,0,0,0
None,None,None,None,0,0,0,0
None,23,None,None,0,100,0,0
66,41,41,None,44,27,27,0
None,None,None,None,0,0,0,0
None,None,None,None,0,0,0,0
None,None,None,None,0,0,0,0
None,45,None,None,0,100,0,0
None,None,None,None,0,0,0,0
None,None,None,None,0,0,0,0
None,None,None,None,0,0,0,0
None,None,None,None,0,0,0,0
None,None,None,None,0,0,0,0
None,None,None,None,0,0,0,0
None,None,None,None,0,0,0,0
None,None,None,None,0,0,0,0
None,None,None,None,0,0,0,0
None,None,None,None,0,0,0,0
None,None,None,None,0,0,0,0
None,None,None,None,0,0,0,0
None,22,None,None,0,100,0,0
None,None,None,None,0,0,0,0
None,None,None,None,0,0,0,0
None,None,None,None,0,0,0,0
None,None,None,None,0,0,0,0
229,233,125,None,38,39,21,0
None,None,None,None,0,0,0,0
None,96,20,None,0,82,17,0
None,None,None,None,0,0,0,0
None,None,None,None,0,0,0,0
None,None,None,None,0,0,0,0
None,None,154,None,0,0,100,0
None,None,None,None,0,0,0,0
None,None,None,None,0,0,0,0
None,None,None,None,0,0,0,0
None,None,None,None,0,0,0,0
22,11,None,1,66,33,0,3
None,None,None,None,0,0,0,0
None,None,None,None,0,0,0,0
None,None,None,None,0,0,0,0
26,193,348,None,4,33,61,0
None,26,6,None,0,80,19,0
None,None,198,None,0,0,100,0
None,None,None,None,0,0,0,0
None,None,None,None,0,0,0,0
None,None,None,None,0,0,0,0
None,None,15,None,0,0,100,0
None,None,None,None,0,0,0,0
None,None,None,None,0,0,0,0
None,None,None,None,0,0,0,0
None,None,None,None,0,0,0,0
None,None,None,None,0,0,0,0
None,None,None,None,0,0,0,0
None,None,None,None,0,0,0,0
None,None,None,None,0,0,0,0
None,None,None,None,0,0,0,0
None,None,None,None,0,0,0,0
None,None,None,None,0,0,0,0
None,None,None,None,0,0,0,0
335,255,267,1,39,29,31,0
None,None,None,None,0,0,0,0
None,None,None,None,0,0,0,0
None,None,None,None,0,0,0,0
None,None,None,None,0,0,0,0
None,None,None,None,0,0,0,0
None,None,None,None,0,0,0,0
None,None,None,None,0,0,0,0
None,None,67,None,0,0,100,0
None,None,63,None,0,0,100,0
None,78,259,None,0,23,76,0
None,None,None,None,0,0,0,0
None,None,None,None,0,0,0,0
None,None,None,None,0,0,0,0
None,None,None,None,0,0,0,0
None,None,None,None,0,0,0,0
None,None,None,None,0,0,0,0
None,None,None,None,0,0,0,0
None,None,None,None,0,0,0,0
None,None,None,None,0,0,0,0
None,None,None,None,0,0,0,0
None,None,None,None,0,0,0,0
109,None,None,None,100,0,0,0
None,40,104,None,0,27,72,0
None,None,None,None,0,0,0,0
None,None,None,None,0,0,0,0
None,None,None,None,0,0,0,0
None,None,None,None,0,0,0,0
None,None,None,None,0,0,0,0
None,None,None,None,0,0,0,0
None,None,None,None,0,0,0,0
None,None,22,None,0,0,100,0
None,None,None,None,0,0,0,0
None,None,None,None,0,0,0,0
None,None,None,None,0,0,0,0
None,None,None,None,0,0,0,0
None,7,None,None,0,100,0,0
None,None,None,None,0,0,0,0
None,None,None,None,0,0,0,0
159,364,288,None,19,44,35,0
None,None,None,None,0,0,0,0
None,None,None,None,0,0,0,0
None,None,None,None,0,0,0,0
None,None,None,None,0,0,0,0
18,18,None,None,49,50,0,0
None,None,None,None,0,0,0,0
None,None,None,None,0,0,0,0
None,None,None,None,0,0,0,0
None,None,None,None,0,0,0,0
None,None,None,None,0,0,0,0
317,459,594,1,23,33,43,0
None,None,None,None,0,0,0,0
None,None,None,None,0,0,0,0
None,None,None,None,0,0,0,0
21,94,105,1,9,42,47,0
None,None,None,None,0,0,0,0
None,None,None,None,0,0,0,0
44,None,None,None,100,0,0,0
None,None,None,None,0,0,0,0
None,24,29,None,0,44,55,0
None,None,None,None,0,0,0,0
None,None,3,1,0,0,100,26
None,None,None,None,0,0,0,0
None,None,None,None,0,0,0,0
None,None,None,None,0,0,0,0
None,None,None,None,0,0,0,0
None,None,None,None,0,0,0,0
116,None,None,None,100,0,0,0
None,None,None,None,0,0,0,0
86,None,157,None,35,0,64,0
None,None,None,None,0,0,0,0
None,None,None,None,0,0,0,0
None,3,None,None,0,100,0,0
None,None,None,None,0,0,0,0
None,None,None,None,0,0,0,0
None,None,None,None,0,0,0,0
None,98,29,None,0,76,23,0
None,None,None,None,0,0,0,0
None,None,None,None,0,0,0,0
None,None,None,None,0,0,0,0
None,None,None,None,0,0,0,0
None,None,None,None,0,0,0,0
5,None,34,2,14,0,85,5
163,220,182,None,28,38,32,0
None,None,None,None,0,0,0,0
None,None,None,None,0,0,0,0
None,None,None,None,0,0,0,0
None,None,None,None,0,0,0,0
None,None,None,None,0,0,0,0
None,None,None,None,0,0,0,0
None,None,None,None,0,0,0,0
None,None,99,None,0,0,100,0
None,None,None,None,0,0,0,0
None,None,None,None,0,0,0,0
None,None,None,None,0,0,0,0
None,None,None,None,0,0,0,0
None,None,None,None,0,0,0,0
None,None,None,None,0,0,0,0
None,139,98,None,0,58,41,0
None,None,None,None,0,0,0,0
None,None,None,None,0,0,0,0
None,None,None,None,0,0,0,0
None,None,54,None,0,0,100,0
None,None,None,None,0,0,0,0
None,None,3,None,0,0,100,0
49,96,67,None,23,45,31,0
None,None,None,None,0,0,0,0
None,None,None,None,0,0,0,0
None,None,None,None,0,0,0,0
None,None,None,None,0,0,0,0
None,None,None,None,0,0,0,0
None,None,None,None,0,0,0,0
None,None,None,None,0,0,0,0
None,None,None,None,0,0,0,0
None,None,None,None,0,0,0,0
None,None,None,None,0,0,0,0
None,None,None,None,0,0,0,0
None,None,None,None,0,0,0,0
None,62,42,None,0,59,40,0
None,None,None,None,0,0,0,0
None,None,None,None,0,0,0,0
None,None,None,None,0,0,0,0
None,None,None,None,0,0,0,0
None,None,None,None,0,0,0,0
None,None,None,None,0,0,0,0
None,120,61,None,0,66,33,0
None,None,None,None,0,0,0,0
None,None,None,None,0,0,0,0
43,None,None,None,100,0,0,0
None,None,None,None,0,0,0,0
None,None,None,None,0,0,0,0
None,None,None,None,0,0,0,0
None,None,None,None,0,0,0,0
None,None,None,None,0,0,0,0
None,None,None,None,0,0,0,0
None,None,None,None,0,0,0,0
None,None,66,None,0,0,100,0
None,None,None,None,0,0,0,0
None,None,None,None,0,0,0,0
378,350,275,None,37,34,27,0
None,None,None,None,0,0,0,0
None,None,None,None,0,0,0,0
None,None,None,None,0,0,0,0
None,None,None,None,0,0,0,0
None,None,None,None,0,0,0,0
24,132,None,None,15,84,0,0
None,None,None,None,0,0,0,0
None,None,None,None,0,0,0,0
None,None,None,None,0,0,0,0
1086,1004,1199,None,33,30,36,0
None,None,None,None,0,0,0,0
5,None,None,None,100,0,0,0
None,None,None,None,0,0,0,0
None,None,None,None,0,0,0,0
None,None,16,None,0,0,100,0
101,None,130,None,43,0,56,0
378,193,304,5,43,22,34,0
None,None,None,None,0,0,0,0
None,None,85,None,0,0,100,0
None,None,None,None,0,0,0,0
None,None,None,None,0,0,0,0
None,None,None,None,0,0,0,0
None,None,None,None,0,0,0,0
None,None,None,None,0,0,0,0
None,35,None,None,0,100,0,0
None,None,69,None,0,0,100,0
None,8,None,None,0,100,0,0
None,111,None,None,0,100,0,0
None,None,None,None,0,0,0,0
None,None,None,None,0,0,0,0
None,None,None,None,0,0,0,0
None,None,None,None,0,0,0,0
None,None,None,None,0,0,0,0
None,None,None,None,0,0,0,0
None,None,None,None,0,0,0,0
None,None,6,None,0,0,100,0
None,None,None,None,0,0,0,0
None,None,None,None,0,0,0,0
None,24,None,None,0,100,0,0
None,None,51,None,0,0,100,0
None,None,None,None,0,0,0,0
None,None,40,None,0,0,100,0
99,None,None,None,100,0,0,0
None,None,None,None,0,0,0,0
None,None,None,None,0,0,0,0
None,None,None,None,0,0,0,0
None,None,None,None,0,0,0,0
87,161,22,None,32,59,8,0
None,None,None,None,0,0,0,0
None,None,None,None,0,0,0,0
None,None,None,None,0,0,0,0
None,None,None,None,0,0,0,0
None,None,None,None,0,0,0,0
None,None,None,None,0,0,0,0
None,None,184,None,0,0,100,0
None,92,160,None,0,36,63,0
None,None,None,None,0,0,0,0
None,None,None,None,0,0,0,0
None,None,None,None,0,0,0,0
None,None,None,None,0,0,0,0
None,None,None,None,0,0,0,0
None,63,None,None,0,100,0,0
None,None,33,None,0,0,100,0
50,45,None,None,52,47,0,0
None,None,175,None,0,0,100,0
293,214,693,None,24,17,57,0
None,39,19,None,0,66,33,0
None,None,None,None,0,0,0,0
None,3,9,None,0,28,71,0
None,None,92,None,0,0,100,0
None,None,None,None,0,0,0,0
None,None,None,None,0,0,0,0
None,None,None,None,0,0,0,0
None,None,None,None,0,0,0,0
333,178,74,1,56,30,12,0
None,62,None,None,0,100,0,0
None,188,329,None,0,36,63,0
None,None,None,None,0,0,0,0
None,None,None,None,0,0,0,0
64,None,21,None,75,0,24,0
89,23,None,None,78,21,0,0
None,None,None,None,0,0,0,0
None,None,None,None,0,0,0,0
None,None,None,None,0,0,0,0
None,47,None,1,0,100,0,2
None,None,None,None,0,0,0,0
None,None,None,None,0,0,0,0
None,None,None,None,0,0,0,0
None,None,None,None,0,0,0,0
None,None,None,None,0,0,0,0
None,None,None,None,0,0,0,0
27,10,None,None,73,26,0,0
42,14,72,None,32,10,56,0
None,None,None,None,0,0,0,0
45,30,478,None,8,5,86,0
78,None,None,None,100,0,0,0
None,None,None,None,0,0,0,0
None,None,None,None,0,0,0,0
None,None,None,None,0,0,0,0
None,None,None,None,0,0,0,0
None,83,None,None,0,100,0,0
None,None,None,None,0,0,0,0
25,None,None,None,100,0,0,0
None,None,None,None,0,0,0,0
None,None,None,None,0,0,0,0
None,None,None,None,0,0,0,0
None,None,None,None,0,0,0,0
None,None,None,None,0,0,0,0
None,None,None,None,0,0,0,0
None,None,None,None,0,0,0,0
None,None,None,None,0,0,0,0
124,33,None,None,78,21,0,0
None,None,None,None,0,0,0,0
None,None,None,None,0,0,0,0
None,None,None,None,0,0,0,0
None,None,None,None,0,0,0,0
None,None,None,None,0,0,0,0
196,30,176,None,48,7,43,0
None,None,None,None,0,0,0,0
None,148,270,None,0,35,64,0
None,None,None,None,0,0,0,0
None,None,None,None,0,0,0,0
None,None,None,None,0,0,0,0
None,None,None,None,0,0,0,0
63,None,39,None,61,0,38,0
None,None,None,None,0,0,0,0
None,None,29,None,0,0,100,0
None,None,372,None,0,0,100,0
None,None,None,None,0,0,0,0
None,None,None,None,0,0,0,0
69,None,10,None,86,0,13,0
None,216,163,None,0,56,43,0
None,None,None,None,0,0,0,0
None,None,None,None,0,0,0,0
None,None,None,None,0,0,0,0
None,None,None,None,0,0,0,0
118,None,None,None,100,0,0,0
None,None,None,None,0,0,0,0
None,None,None,None,0,0,0,0
None,None,None,None,0,0,0,0
None,None,None,None,0,0,0,0
None,None,None,None,0,0,0,0
None,None,19,None,0,0,100,0
None,None,None,None,0,0,0,0
None,None,None,None,0,0,0,0
None,None,53,None,0,0,100,0
None,None,None,None,0,0,0,0
None,None,None,None,0,0,0,0
120,47,65,None,51,20,27,0
None,None,None,None,0,0,0,0
None,None,None,None,0,0,0,0
None,None,None,None,0,0,0,0
189,40,81,1,60,12,26,0
None,None,None,None,0,0,0,0
None,None,None,None,0,0,0,0
None,None,None,None,0,0,0,0
None,None,None,None,0,0,0,0
44,None,None,None,100,0,0,0
None,None,None,None,0,0,0,0
None,None,None,None,0,0,0,0
None,None,None,None,0,0,0,0
None,None,80,None,0,0,100,0
None,None,None,None,0,0,0,0
32,None,330,None,8,0,91,0
None,None,49,None,0,0,100,0
None,8,None,None,0,100,0,0
41,None,118,None,25,0,74,0
None,None,303,None,0,0,100,0
None,None,None,None,0,0,0,0
None,None,None,None,0,0,0,0
None,None,None,None,0,0,0,0
352,125,None,None,73,26,0,0
None,None,None,None,0,0,0,0
None,None,None,None,0,0,0,0
None,None,None,None,0,0,0,0
None,None,None,None,0,0,0,0
None,None,None,None,0,0,0,0
None,None,None,None,0,0,0,0
None,None,86,None,0,0,100,0
None,None,5,None,0,0,100,0
None,None,None,None,0,0,0,0
None,None,None,None,0,0,0,0
None,69,None,None,0,100,0,0
None,None,None,None,0,0,0,0
None,None,None,None,0,0,0,0
None,None,9,None,0,0,100,0
None,None,None,None,0,0,0,0
None,None,None,None,0,0,0,0
None,None,None,None,0,0,0,0
None,None,None,None,0,0,0,0
None,None,None,None,0,0,0,0
None,None,None,None,0,0,0,0
None,None,None,None,0,0,0,0
None,None,None,None,0,0,0,0
None,None,None,None,0,0,0,0
152,399,407,2,15,41,42,0
None,None,None,None,0,0,0,0
None,None,None,None,0,0,0,0
None,None,None,None,0,0,0,0
None,None,None,None,0,0,0,0
None,None,None,None,0,0,0,0
None,None,None,None,0,0,0,0
None,None,None,None,0,0,0,0
98,134,104,None,29,39,30,0
None,None,86,None,0,0,100,0
None,None,None,None,0,0,0,0
1114,1048,1632,None,29,27,43,0
None,None,None,None,0,0,0,0
None,None,None,None,0,0,0,0
None,None,None,None,0,0,0,0
None,215,None,1,0,100,0,0
None,None,68,None,0,0,100,0
None,None,None,None,0,0,0,0
None,None,None,None,0,0,0,0
None,None,None,None,0,0,0,0
None,None,None,None,0,0,0,0
None,None,None,1,0,0,0,2147483647
None,None,None,None,0,0,0,0
None,None,None,None,0,0,0,0
None,None,None,None,0,0,0,0
None,None,None,None,0,0,0,0
311,47,123,None,64,9,25,0
None,111,None,None,0,100,0,0
None,None,None,None,0,0,0,0
None,None,None,None,0,0,0,0
None,None,None,None,0,0,0,0
None,None,None,None,0,0,0,0
None,None,None,None,0,0,0,0
None,None,None,None,0,0,0,0
None,17,None,None,0,100,0,0
None,None,None,None,0,0,0,0
None,None,None,None,0,0,0,0
4,None,None,None,100,0,0,0
None,None,None,None,0,0,0,0
None,None,None,None,0,0,0,0
None,None,93,None,0,0,100,0
None,None,None,None,0,0,0,0
None,None,None,None,0,0,0,0
None,71,151,None,0,31,68,0
None,None,None,None,0,0,0,0
None,None,None,None,0,0,0,0
None,None,None,None,0,0,0,0
None,61,None,None,0,100,0,0
None,None,None,None,0,0,0,0
None,None,None,None,0,0,0,0
326,498,71,None,36,55,7,0
None,None,None,None,0,0,0,0
None,None,10,2,0,0,100,19
12,None,24,None,34,0,65,0
None,None,None,None,0,0,0,0
None,None,21,None,0,0,100,0
117,307,None,None,27,72,0,0
None,None,None,None,0,0,0,0
None,None,None,None,0,0,0,0
None,None,None,None,0,0,0,0
None,None,None,None,0,0,0,0
None,None,None,None,0,0,0,0
None,None,42,None,0,0,100,0
None,None,None,None,0,0,0,0
None,None,None,None,0,0,0,0
None,None,None,None,0,0,0,0
None,None,None,None,0,0,0,0
None,None,None,None,0,0,0,0
None,None,15,None,0,0,100,0
148,183,None,None,44,55,0,0
None,None,None,None,0,0,0,0
115,208,51,None,30,55,13,0
None,None,None,None,0,0,0,0
None,None,None,None,0,0,0,0
None,None,None,None,0,0,0,0
None,None,None,None,0,0,0,0
None,None,None,None,0,0,0,0
109,None,None,None,100,0,0,0
None,None,None,None,0,0,0,0
None,None,None,None,0,0,0,0
None,None,None,None,0,0,0,0
None,33,None,None,0,100,0,0
None,None,None,None,0,0,0,0
None,None,None,None,0,0,0,0
None,173,None,None,0,100,0,0
None,None,None,None,0,0,0,0
None,None,None,None,0,0,0,0
None,None,None,None,0,0,0,0
None,8,33,None,0,19,80,0
None,None,None,None,0,0,0,0
None,None,None,None,0,0,0,0
279,None,None,None,100,0,0,0
None,None,36,None,0,0,100,0
None,None,None,None,0,0,0,0
None,None,None,1,0,0,0,2147483647
None,105,64,None,0,62,37,0
None,None,None,None,0,0,0,0
None,None,None,None,0,0,0,0
42,None,58,None,41,0,58,0
50,512,241,None,6,63,30,0
None,None,None,None,0,0,0,0
None,None,25,None,0,0,100,0
None,None,None,None,0,0,0,0
None,None,None,None,0,0,0,0
None,None,None,None,0,0,0,0
None,None,None,None,0,0,0,0
None,None,None,None,0,0,0,0
None,None,None,None,0,0,0,0
None,None,None,None,0,0,0,0
None,None,None,None,0,0,0,0
None,None,None,None,0,0,0,0
55,None,125,1,30,0,69,0
None,None,None,None,0,0,0,0
None,None,45,None,0,0,100,0
None,None,None,None,0,0,0,0
15,6,116,1,11,4,84,0
None,None,None,None,0,0,0,0
None,None,None,None,0,0,0,0
None,None,None,None,0,0,0,0
None,None,None,None,0,0,0,0
None,None,None,None,0,0,0,0
None,None,125,None,0,0,100,0
None,31,12,None,0,71,28,0
None,None,None,None,0,0,0,0
None,None,None,None,0,0,0,0
None,64,None,None,0,100,0,0
None,None,None,None,0,0,0,0
None,None,24,None,0,0,100,0
None,None,None,None,0,0,0,0
None,97,None,None,0,100,0,0
None,None,None,None,0,0,0,0
None,None,None,None,0,0,0,0
None,None,None,None,0,0,0,0
None,None,None,None,0,0,0,0
None,66,82,None,0,44,55,0
None,None,None,None,0,0,0,0
75,14,70,None,47,9,43,0
None,None,None,None,0,0,0,0
None,None,None,None,0,0,0,0
None,None,None,None,0,0,0,0
None,None,None,None,0,0,0,0
None,None,None,None,0,0,0,0
None,9,41,None,0,19,80,0
None,None,None,None,0,0,0,0
None,None,None,None,0,0,0,0
None,None,None,None,0,0,0,0
40,58,None,None,40,59,0,0
None,None,None,None,0,0,0,0
None,None,None,None,0,0,0,0
None,None,None,None,0,0,0,0
None,None,None,None,0,0,0,0
None,None,None,None,0,0,0,0
None,None,None,None,0,0,0,0
None,99,29,None,0,77,22,0
None,None,None,None,0,0,0,0
None,None,None,None,0,0,0,0
None,None,None,None,0,0,0,0
30,142,139,None,9,45,44,0
None,None,306,1,0,0,100,0
None,None,None,None,0,0,0,0
None,None,None,None,0,0,0,0
None,None,None,None,0,0,0,0
None,None,None,None,0,0,0,0
83,None,None,None,100,0,0,0
None,None,None,None,0,0,0,0
None,None,None,None,0,0,0,0
None,111,None,None,0,100,0,0
None,None,None,None,0,0,0,0
None,None,None,None,0,0,0,0
None,None,None,None,0,0,0,0
None,None,None,None,0,0,0,0
36,692,296,1,3,67,28,0
None,None,None,None,0,0,0,0
None,None,None,None,0,0,0,0
None,None,127,1,0,0,100,0
23,None,None,None,100,0,0,0
None,None,None,None,0,0,0,0
35,None,None,None,100,0,0,0
None,None,None,None,0,0,0,0
None,None,None,None,0,0,0,0
None,247,None,None,0,100,0,0
None,None,None,None,0,0,0,0
None,None,None,None,0,0,0,0
None,38,None,None,0,100,0,0
None,None,None,None,0,0,0,0
None,None,None,None,0,0,0,0
None,None,None,None,0,0,0,0
None,104,None,None,0,100,0,0
620,1247,746,1,23,47,28,0
None,None,None,None,0,0,0,0
None,None,None,None,0,0,0,0
None,None,347,None,0,0,100,0
None,None,None,None,0,0,0,0
76,27,108,3,36,12,51,1
None,None,None,None,0,0,0,0
None,30,None,None,0,100,0,0
None,None,None,None,0,0,0,0
None,None,None,None,0,0,0,0
None,None,None,None,0,0,0,0
None,None,None,None,0,0,0,0
206,254,1161,2,12,15,71,0
None,None,None,None,0,0,0,0
75,13,65,None,48,9,42,0
None,None,None,None,0,0,0,0
None,None,None,None,0,0,0,0
None,None,None,None,0,0,0,0
23,44,24,None,25,48,26,0
None,None,None,None,0,0,0,0
41,120,58,None,18,54,26,0
None,None,None,None,0,0,0,0
None,None,67,None,0,0,100,0
None,None,None,None,0,0,0,0
None,None,None,None,0,0,0,0
48,46,84,None,27,25,47,0
None,None,None,None,0,0,0,0
None,None,None,None,0,0,0,0
None,32,19,None,0,62,37,0
24,None,None,None,100,0,0,0
None,None,None,None,0,0,0,0
None,None,None,None,0,0,0,0
None,None,None,None,0,0,0,0
None,None,None,None,0,0,0,0
None,None,None,None,0,0,0,0
27,65,26,None,23,55,21,0
31,None,15,None,67,0,32,0
None,None,None,1,0,0,0,2147483647
None,None,None,None,0,0,0,0
None,None,None,None,0,0,0,0
None,86,None,None,0,100,0,0
56,254,444,None,7,33,58,0
None,None,None,None,0,0,0,0
75,98,68,None,31,40,28,0
None,None,36,None,0,0,100,0
None,None,256,None,0,0,100,0
None,None,5,None,0,0,100,0
None,None,None,None,0,0,0,0
None,None,None,None,0,0,0,0
None,None,None,None,0,0,0,0
None,None,None,None,0,0,0,0
None,None,None,None,0,0,0,0
None,None,None,None,0,0,0,0
None,None,None,None,0,0,0,0
None,None,None,None,0,0,0,0
None,None,None,None,0,0,0,0
143,138,219,1,28,27,43,0
88,60,73,None,39,27,33,0
None,35,None,None,0,100,0,0
43,728,617,None,3,52,44,0
None,None,None,None,0,0,0,0
None,None,101,None,0,0,100,0
None,None,None,None,0,0,0,0
None,45,33,None,0,57,42,0
6,None,None,None,100,0,0,0
None,None,None,None,0,0,0,0
None,None,None,None,0,0,0,0
None,None,None,None,0,0,0,0
None,None,None,None,0,0,0,0
None,None,None,None,0,0,0,0
None,None,None,None,0,0,0,0
None,None,None,None,0,0,0,0
None,None,None,None,0,0,0,0
None,24,19,None,0,54,45,0
None,None,None,None,0,0,0,0
None,None,None,None,0,0,0,0
None,None,None,None,0,0,0,0
None,None,None,None,0,0,0,0
None,None,None,None,0,0,0,0
None,None,108,None,0,0,100,0
None,None,None,None,0,0,0,0
59,125,21,None,28,60,10,0
None,33,32,None,0,50,49,0
None,94,8,1,0,91,8,0
None,None,46,None,0,0,100,0
None,None,None,None,0,0,0,0
None,17,54,None,0,24,75,0
None,None,None,None,0,0,0,0
None,None,None,None,0,0,0,0
28,51,104,None,15,27,56,0
None,None,85,None,0,0,100,0
None,None,None,None,0,0,0,0
None,None,None,None,0,0,0,0
39,28,31,None,39,28,32,0
None,None,None,None,0,0,0,0
None,None,None,None,0,0,0,0
None,None,None,None,0,0,0,0
None,None,None,None,0,0,0,0
None,None,None,None,0,0,0,0
None,None,None,None,0,0,0,0
None,None,None,None,0,0,0,0
None,None,None,None,0,0,0,0
None,None,93,None,0,0,100,0
None,None,None,None,0,0,0,0
None,None,None,None,0,0,0,0
None,None,None,None,0,0,0,0
None,None,None,None,0,0,0,0
None,None,None,None,0,0,0,0
10,None,None,None,100,0,0,0
None,None,16,None,0,0,100,0
None,None,None,None,0,0,0,0
None,38,18,None,0,67,32,0
None,None,None,None,0,0,0,0
None,None,None,None,0,0,0,0
None,None,None,None,0,0,0,0
None,None,None,None,0,0,0,0
None,None,None,None,0,0,0,0
None,None,None,None,0,0,0,0
None,None,None,None,0,0,0,0
324,478,81,None,36,54,9,0
None,None,None,None,0,0,0,0
19,None,None,None,100,0,0,0
None,None,79,None,0,0,100,0
None,None,None,None,0,0,0,0
None,None,None,None,0,0,0,0
None,None,None,None,0,0,0,0
77,158,21,None,30,61,8,0
None,15,None,None,0,100,0,0
None,None,None,None,0,0,0,0
None,None,None,None,0,0,0,0
None,None,None,None,0,0,0,0
None,None,None,None,0,0,0,0
None,None,None,None,0,0,0,0
None,None,None,None,0,0,0,0
102,63,164,1,31,19,49,0
119,68,39,None,52,30,17,0
None,None,None,None,0,0,0,0
None,None,None,None,0,0,0,0
None,None,None,None,0,0,0,0
31,None,None,None,100,0,0,0
None,None,None,None,0,0,0,0
None,None,None,None,0,0,0,0
None,None,None,None,0,0,0,0
None,None,None,None,0,0,0,0
None,None,None,None,0,0,0,0
81,330,395,None,10,40,48,0
None,None,None,None,0,0,0,0
69,223,129,None,16,52,30,0
None,None,None,None,0,0,0,0
None,None,None,None,0,0,0,0
None,None,None,None,0,0,0,0
None,None,None,None,0,0,0,0
None,None,None,None,0,0,0,0
253,None,36,None,87,0,12,0
115,64,101,None,41,22,35,0
None,None,7,None,0,0,100,0
None,None,None,None,0,0,0,0
None,None,None,None,0,0,0,0
77,177,117,None,20,47,31,0
None,None,None,None,0,0,0,0
276,203,187,1,41,30,28,0
None,None,98,None,0,0,100,0
None,None,3,None,0,0,100,0
7,115,51,None,4,65,29,0
None,None,None,None,0,0,0,0
4,None,None,None,100,0,0,0
None,None,None,None,0,0,0,0
None,None,None,None,0,0,0,0
None,None,None,None,0,0,0,0
None,None,None,None,0,0,0,0
None,None,None,None,0,0,0,0
None,None,None,None,0,0,0,0
None,None,None,None,0,0,0,0
None,None,None,None,0,0,0,0
None,None,None,None,0,0,0,0
None,None,None,None,0,0,0,0
None,None,None,None,0,0,0,0
None,None,None,None,0,0,0,0
None,None,None,None,0,0,0,0
None,None,None,None,0,0,0,0
None,54,None,None,0,100,0,0
None,None,None,None,0,0,0,0
None,None,None,None,0,0,0,0
None,None,None,None,0,0,0,0
None,82,None,None,0,100,0,0
None,None,None,None,0,0,0,0
310,434,274,1,30,42,26,0
None,None,None,None,0,0,0,0
None,None,None,None,0,0,0,0
None,None,None,None,0,0,0,0
None,None,None,None,0,0,0,0
677,244,86,None,67,24,8,0
None,43,None,None,0,100,0,0
None,None,19,None,0,0,100,0
None,None,None,None,0,0,0,0
27,None,None,None,100,0,0,0
None,None,None,None,0,0,0,0
None,324,261,None,0,55,44,0
112,None,None,None,100,0,0,0
None,None,None,None,0,0,0,0
None,232,310,None,0,42,57,0
None,None,None,None,0,0,0,0
None,None,None,None,0,0,0,0
None,None,None,None,0,0,0,0
None,None,None,None,0,0,0,0
None,199,None,None,0,100,0,0
None,73,102,None,0,41,58,0
None,None,None,None,0,0,0,0
None,None,None,None,0,0,0,0
None,None,None,None,0,0,0,0
None,None,None,None,0,0,0,0
None,None,None,None,0,0,0,0
None,None,None,None,0,0,0,0
None,None,None,None,0,0,0,0
None,None,None,None,0,0,0,0
None,50,None,None,0,100,0,0
114,97,227,1,26,22,51,0
37,None,None,None,100,0,0,0
None,None,None,None,0,0,0,0
41,None,None,None,100,0,0,0
None,None,None,None,0,0,0,0
None,80,None,None,0,100,0,0
None,None,None,None,0,0,0,0
None,None,None,None,0,0,0,0
None,None,None,None,0,0,0,0
None,None,None,None,0,0,0,0
None,None,None,None,0,0,0,0
None,56,None,None,0,100,0,0
43,42,None,1,50,49,0,1
355,641,598,None,22,40,37,0
None,3,None,None,0,100,0,0
None,None,None,None,0,0,0,0
None,None,None,None,0,0,0,0
None,None,None,None,0,0,0,0
None,None,None,None,0,0,0,0
None,None,None,None,0,0,0,0
None,None,None,None,0,0,0,0
None,None,50,None,0,0,100,0
None,None,None,None,0,0,0,0
None,None,None,None,0,0,0,0
None,None,None,None,0,0,0,0
25,None,None,None,100,0,0,0
None,73,161,None,0,31,68,0
None,None,None,1,0,0,0,2147483647
None,None,None,None,0,0,0,0
None,None,None,None,0,0,0,0
None,None,None,None,0,0,0,0
None,None,None,None,0,0,0,0
None,None,None,None,0,0,0,0
None,None,None,None,0,0,0,0
None,None,None,None,0,0,0,0
None,None,None,1,0,0,0,2147483647
20,None,40,None,33,0,66,0
None,None,None,None,0,0,0,0
None,None,None,None,0,0,0,0
None,None,None,None,0,0,0,0
None,98,None,None,0,100,0,0
98,None,None,1,100,0,0,1
None,37,None,None,0,100,0,0
None,None,None,None,0,0,0,0
None,None,None,None,0,0,0,0
None,None,None,None,0,0,0,0
None,None,None,None,0,0,0,0
None,None,None,None,0,0,0,0
None,None,None,None,0,0,0,0
None,None,None,None,0,0,0,0
107,63,35,3,51,30,17,1
None,None,None,None,0,0,0,0
None,None,None,None,0,0,0,0
None,None,None,None,0,0,0,0
None,None,None,None,0,0,0,0
None,10,4,None,0,70,29,0
29,30,249,1,9,9,80,0
199,42,None,None,82,17,0,0
None,None,None,None,0,0,0,0
None,None,None,None,0,0,0,0
None,None,None,None,0,0,0,0
None,None,None,None,0,0,0,0
None,None,None,None,0,0,0,0
None,54,183,None,0,22,77,0
None,None,None,None,0,0,0,0
None,None,None,None,0,0,0,0
None,None,None,None,0,0,0,0
None,None,None,None,0,0,0,0
None,None,None,None,0,0,0,0
None,None,94,None,0,0,100,0
None,None,None,None,0,0,0,0
None,None,None,None,0,0,0,0
None,None,None,None,0,0,0,0
None,None,None,None,0,0,0,0
32,None,None,None,100,0,0,0
None,None,21,None,0,0,100,0
None,None,None,None,0,0,0,0
None,None,None,None,0,0,0,0
None,None,None,None,0,0,0,0
None,None,None,1,0,0,0,2147483647
None,None,None,None,0,0,0,0
None,None,None,None,0,0,0,0
None,None,None,None,0,0,0,0
None,None,None,None,0,0,0,0
None,None,None,None,0,0,0,0
236,739,557,1,15,48,36,0
None,None,None,1,0,0,0,2147483647
46,None,None,None,100,0,0,0
None,None,None,None,0,0,0,0
None,9,10,None,0,45,54,0
62,76,None,None,44,55,0,0
77,112,227,None,18,26,54,0
None,None,None,None,0,0,0,0
None,None,None,None,0,0,0,0
None,None,None,None,0,0,0,0
None,None,None,None,0,0,0,0
None,None,48,None,0,0,100,0
None,None,None,None,0,0,0,0
29,138,47,None,13,64,22,0
None,None,None,None,0,0,0,0
None,None,None,None,0,0,0,0
None,None,None,None,0,0,0,0
573,463,283,None,43,35,21,0
None,None,None,None,0,0,0,0
None,None,None,None,0,0,0,0
158,None,None,None,100,0,0,0
None,None,None,None,0,0,0,0
None,None,None,None,0,0,0,0
15,238,109,None,4,65,30,0
None,None,None,None,0,0,0,0
None,None,None,None,0,0,0,0
None,None,None,None,0,0,0,0
None,None,None,None,0,0,0,0
None,None,None,None,0,0,0,0
None,None,None,None,0,0,0,0
66,137,105,2,21,44,34,0
None,None,None,None,0,0,0,0
None,None,None,None,0,0,0,0
240,None,None,None,100,0,0,0
None,None,None,None,0,0,0,0
None,None,None,None,0,0,0,0
None,None,None,None,0,0,0,0
None,14,None,None,0,100,0,0
36,None,19,None,64,0,35,0
None,None,None,None,0,0,0,0
39,None,None,None,100,0,0,0
None,None,None,None,0,0,0,0
78,None,None,None,100,0,0,0
None,None,None,None,0,0,0,0
None,None,None,None,0,0,0,0
None,None,None,None,0,0,0,0
None,None,None,None,0,0,0,0
None,78,None,None,0,100,0,0
None,None,9,None,0,0,100,0
None,None,None,None,0,0,0,0
None,None,None,None,0,0,0,0
61,238,49,None,17,68,14,0
None,None,None,None,0,0,0,0
None,None,None,None,0,0,0,0
None,None,None,None,0,0,0,0
None,None,None,None,0,0,0,0
None,None,30,None,0,0,100,0
48,613,28,None,7,88,4,0
None,None,None,None,0,0,0,0
None,None,None,None,0,0,0,0
None,163,123,None,0,56,43,0
None,None,63,None,0,0,100,0
None,None,None,None,0,0,0,0
None,None,None,None,0,0,0,0
None,None,None,None,0,0,0,0
39,None,89,None,30,0,69,0
None,None,None,None,0,0,0,0
None,None,None,None,0,0,0,0
None,None,None,None,0,0,0,0
65,19,None,None,77,22,0,0
None,None,47,1,0,0,100,2
None,None,None,None,0,0,0,0
None,None,None,None,0,0,0,0
None,None,None,None,0,0,0,0
None,None,None,None,0,0,0,0
83,None,13,None,86,0,13,0
None,None,None,None,0,0,0,0
5,None,None,None,100,0,0,0
None,None,None,None,0,0,0,0
20,None,None,None,100,0,0,0
79,60,68,None,38,28,32,0
345,90,366,None,43,11,45,0
None,None,None,None,0,0,0,0
None,None,None,None,0,0,0,0
None,31,6,None,0,81,18,0
None,None,None,None,0,0,0,0
None,None,None,None,0,0,0,0
None,None,None,None,0,0,0,0
None,None,None,None,0,0,0,0
None,None,None,None,0,0,0,0
None,None,None,None,0,0,0,0
None,None,None,None,0,0,0,0
None,None,None,None,0,0,0,0
None,None,None,None,0,0,0,0
None,None,None,None,0,0,0,0
None,None,None,None,0,0,0,0
18,90,100,None,8,43,48,0
None,None,None,None,0,0,0,0
25,208,325,1,4,37,58,0
None,None,None,None,0,0,0,0
None,None,None,None,0,0,0,0
None,None,None,None,0,0,0,0
None,None,157,None,0,0,100,0
None,None,None,None,0,0,0,0
None,None,None,None,0,0,0,0
127,None,None,None,100,0,0,0
None,None,None,None,0,0,0,0
None,None,None,None,0,0,0,0
None,None,None,None,0,0,0,0
None,None,414,None,0,0,100,0
None,None,None,None,0,0,0,0
54,None,None,None,100,0,0,0
None,None,None,None,0,0,0,0
None,None,None,None,0,0,0,0
None,None,None,None,0,0,0,0
None,242,None,None,0,100,0,0
None,None,None,None,0,0,0,0
None,None,None,None,0,0,0,0
33,72,36,None,23,51,25,0
None,None,32,None,0,0,100,0
None,None,None,None,0,0,0,0
None,None,None,None,0,0,0,0
None,None,80,None,0,0,100,0
18,40,62,None,15,33,51,0
None,None,None,None,0,0,0,0
None,None,None,None,0,0,0,0
None,None,None,None,0,0,0,0
None,None,None,None,0,0,0,0
None,None,None,None,0,0,0,0
25,32,98,None,16,20,62,0
None,None,None,None,0,0,0,0
None,None,None,None,0,0,0,0
None,None,None,None,0,0,0,0
None,None,None,None,0,0,0,0
None,None,None,None,0,0,0,0
None,None,None,None,0,0,0,0
None,None,None,None,0,0,0,0
None,None,None,None,0,0,0,0
None,None,None,None,0,0,0,0
127,322,360,None,15,39,44,0
None,None,54,None,0,0,100,0
None,None,None,None,0,0,0,0
None,None,58,None,0,0,100,0
10,None,None,None,100,0,0,0
None,None,None,None,0,0,0,0
22,None,None,None,100,0,0,0
24,163,123,None,8,52,39,0
None,None,None,None,0,0,0,0
None,100,42,2,0,70,29,1
None,None,None,None,0,0,0,0
268,490,703,1,18,33,48,0
None,42,20,None,0,67,32,0
None,None,None,None,0,0,0,0
None,None,None,None,0,0,0,0
80,784,466,None,6,58,35,0
None,None,None,None,0,0,0,0
None,None,None,None,0,0,0,0
None,None,None,None,0,0,0,0
39,66,157,None,15,25,59,0
None,None,None,None,0,0,0,0
None,None,None,None,0,0,0,0
None,251,191,None,0,56,43,0
None,None,None,None,0,0,0,0
None,None,None,None,0,0,0,0
None,None,None,None,0,0,0,0
None,None,None,None,0,0,0,0
None,None,None,None,0,0,0,0
None,None,None,None,0,0,0,0
None,None,None,None,0,0,0,0
None,None,None,None,0,0,0,0
25,16,19,None,41,27,31,0
None,None,None,None,0,0,0,0
None,None,None,None,0,0,0,0
None,None,None,None,0,0,0,0
None,49,None,None,0,100,0,0
None,None,None,None,0,0,0,0
None,None,None,None,0,0,0,0
None,None,117,None,0,0,100,0
None,17,None,None,0,100,0,0
96,None,None,None,100,0,0,0
None,None,None,None,0,0,0,0
25,20,None,None,56,43,0,0
None,None,None,None,0,0,0,0
None,None,None,None,0,0,0,0
None,None,None,None,0,0,0,0
None,None,None,None,0,0,0,0
None,None,None,None,0,0,0,0
None,None,None,None,0,0,0,0
None,None,None,None,0,0,0,0
None,168,46,None,0,78,21,0
None,None,None,None,0,0,0,0
None,None,None,None,0,0,0,0
None,None,None,None,0,0,0,0
None,None,None,None,0,0,0,0
None,None,None,None,0,0,0,0
99,46,107,None,39,18,42,0
None,None,None,None,0,0,0,0
None,None,None,None,0,0,0,0
None,None,None,None,0,0,0,0
None,None,None,None,0,0,0,0
None,None,None,None,0,0,0,0
13,136,17,None,7,81,10,0
None,66,None,None,0,100,0,0
None,None,None,None,0,0,0,0
None,None,None,None,0,0,0,0
None,None,None,None,0,0,0,0
None,None,None,None,0,0,0,0
30,300,121,None,6,66,26,0
None,None,None,None,0,0,0,0
None,None,None,None,0,0,0,0
236,243,154,2,37,38,24,0
None,None,54,None,0,0,100,0
None,None,None,None,0,0,0,0
None,None,None,None,0,0,0,0
None,None,26,None,0,0,100,0
None,None,None,None,0,0,0,0
None,None,None,None,0,0,0,0
None,None,None,None,0,0,0,0
None,None,None,None,0,0,0,0
185,138,75,None,46,34,18,0
None,None,None,None,0,0,0,0
None,None,None,None,0,0,0,0
None,None,None,None,0,0,0,0
None,None,None,None,0,0,0,0
None,110,95,None,0,53,46,0
None,None,None,None,0,0,0,0
233,49,None,None,82,17,0,0
28,23,100,None,18,15,66,0
None,None,None,None,0,0,0,0
None,326,49,1,0,86,13,0
None,None,None,None,0,0,0,0
None,None,None,None,0,0,0,0
None,None,None,None,0,0,0,0
65,22,193,None,23,8,68,0
None,None,None,None,0,0,0,0
None,None,69,None,0,0,100,0
None,None,None,None,0,0,0,0
None,None,None,None,0,0,0,0
None,None,None,None,0,0,0,0
None,None,204,None,0,0,100,0
None,None,None,None,0,0,0,0
None,None,None,None,0,0,0,0
91,11,40,None,63,8,27,0
None,None,None,None,0,0,0,0
None,None,None,None,0,0,0,0
None,None,None,None,0,0,0,0
None,None,None,None,0,0,0,0
317,116,194,None,50,18,30,0
None,None,None,None,0,0,0,0
None,None,None,None,0,0,0,0
None,None,None,None,0,0,0,0
None,None,None,None,0,0,0,0
None,None,90,None,0,0,100,0
None,None,None,None,0,0,0,0
None,None,None,None,0,0,0,0
None,None,None,None,0,0,0,0
None,None,None,None,0,0,0,0
None,None,None,None,0,0,0,0
None,None,None,None,0,0,0,0
None,None,None,None,0,0,0,0
None,5,96,1,0,5,94,0
None,None,None,None,0,0,0,0
None,None,None,None,0,0,0,0
None,None,57,None,0,0,100,0
None,None,None,None,0,0,0,0
None,None,None,None,0,0,0,0
None,None,13,None,0,0,100,0
None,None,None,None,0,0,0,0
None,54,148,None,0,26,73,0
None,None,None,None,0,0,0,0
None,None,None,None,0,0,0,0
None,None,None,None,0,0,0,0
None,None,None,None,0,0,0,0
59,98,None,1,37,62,0,0
None,None,None,None,0,0,0,0
None,221,161,None,0,57,42,0
None,None,None,None,0,0,0,0
None,None,None,None,0,0,0,0
None,None,None,None,0,0,0,0
None,None,None,None,0,0,0,0
None,None,None,None,0,0,0,0
None,None,None,None,0,0,0,0
None,104,151,None,0,40,59,0
None,None,None,None,0,0,0,0
None,None,None,None,0,0,0,0
None,None,None,None,0,0,0,0
None,None,None,None,0,0,0,0
None,None,None,None,0,0,0,0
None,36,6,None,0,84,15,0
None,None,None,None,0,0,0,0
196,449,28,None,29,66,4,0
None,None,None,None,0,0,0,0
None,None,None,None,0,0,0,0
None,None,None,None,0,0,0,0
None,None,None,None,0,0,0,0
None,None,None,None,0,0,0,0
None,None,None,None,0,0,0,0
None,None,None,None,0,0,0,0
None,None,None,None,0,0,0,0
None,120,95,None,0,55,44,0
None,None,None,None,0,0,0,0
None,None,None,None,0,0,0,0
118,38,37,2,60,19,19,1
None,None,None,None,0,0,0,0
None,82,27,None,0,75,24,0
10,None,23,None,30,0,69,0
None,67,None,None,0,100,0,0
None,None,None,None,0,0,0,0
None,None,None,None,0,0,0,0
None,None,None,None,0,0,0,0
None,None,None,None,0,0,0,0
None,271,None,None,0,100,0,0
None,None,None,None,0,0,0,0
None,None,None,None,0,0,0,0
None,None,20,None,0,0,100,0
25,None,None,None,100,0,0,0
45,39,9,None,48,41,10,0
None,None,109,None,0,0,100,0
None,None,None,None,0,0,0,0
None,None,None,None,0,0,0,0
None,None,None,None,0,0,0,0
152,64,175,None,38,16,44,0
None,None,29,None,0,0,100,0
None,None,None,None,0,0,0,0
None,None,None,None,0,0,0,0
132,311,150,1,22,52,25,0
None,None,None,None,0,0,0,0
None,None,None,None,0,0,0,0
None,None,None,None,0,0,0,0
None,None,272,None,0,0,100,0
None,None,None,None,0,0,0,0
41,20,12,1,55,27,16,1
None,None,None,None,0,0,0,0
None,None,None,None,0,0,0,0
None,None,None,None,0,0,0,0
None,None,None,None,0,0,0,0
None,None,None,None,0,0,0,0
58,34,60,None,38,22,39,0
130,181,73,None,33,47,18,0
30,71,77,1,16,39,43,0
None,None,None,None,0,0,0,0
None,None,10,None,0,0,100,0
None,None,None,None,0,0,0,0
None,25,None,None,0,100,0,0
11,None,None,None,100,0,0,0
None,None,91,None,0,0,100,0
None,None,None,None,0,0,0,0
22,137,None,None,14,85,0,0
None,None,None,None,0,0,0,0
None,None,None,None,0,0,0,0
None,None,None,None,0,0,0,0
None,None,None,None,0,0,0,0
None,None,None,None,0,0,0,0
None,None,None,None,0,0,0,0
None,22,254,None,0,7,92,0
None,None,None,None,0,0,0,0
None,None,None,1,0,0,0,2147483647
248,604,497,None,18,44,36,0
None,None,None,None,0,0,0,0
23,None,14,None,62,0,37,0
None,None,88,None,0,0,100,0
None,None,None,None,0,0,0,0
None,None,None,None,0,0,0,0
None,None,None,None,0,0,0,0
58,31,None,None,64,35,0,0
None,None,None,None,0,0,0,0
None,87,140,None,0,38,61,0
None,None,13,None,0,0,100,0
None,None,None,None,0,0,0,0
None,None,None,None,0,0,0,0
66,24,None,None,73,26,0,0
32,120,85,None,13,50,36,0
None,None,None,None,0,0,0,0
None,None,None,None,0,0,0,0
None,None,64,None,0,0,100,0
None,None,None,None,0,0,0,0
None,None,None,None,0,0,0,0
None,None,None,None,0,0,0,0
41,20,48,None,38,18,43,0
None,None,None,None,0,0,0,0
None,None,None,None,0,0,0,0
None,68,45,1,0,60,39,0
None,None,84,None,0,0,100,0
None,None,None,None,0,0,0,0
None,None,None,None,0,0,0,0
None,166,None,None,0,100,0,0
None,None,None,None,0,0,0,0
None,None,None,None,0,0,0,0
None,128,114,None,0,52,47,0
None,None,None,None,0,0,0,0
None,None,None,None,0,0,0,0
None,None,None,None,0,0,0,0
None,None,None,None,0,0,0,0
None,126,82,None,0,60,39,0
None,None,16,None,0,0,100,0
None,None,None,None,0,0,0,0
None,None,None,None,0,0,0,0
None,None,None,None,0,0,0,0
None,None,None,None,0,0,0,0
None,None,None,None,0,0,0,0
None,None,None,None,0,0,0,0
None,None,100,None,0,0,100,0
None,None,None,None,0,0,0,0
None,None,112,None,0,0,100,0
None,None,26,None,0,0,100,0
None,26,None,None,0,100,0,0
None,None,None,None,0,0,0,0
None,None,None,None,0,0,0,0
None,None,None,None,0,0,0,0
None,None,None,None,0,0,0,0
129,138,32,None,43,46,10,0
None,None,None,None,0,0,0,0
None,191,None,None,0,100,0,0
None,None,None,None,0,0,0,0
None,None,None,None,0,0,0,0
7,None,66,None,9,0,90,0
20,39,75,None,15,29,55,0
None,None,None,None,0,0,0,0
None,None,None,None,0,0,0,0
None,None,None,None,0,0,0,0
19,None,None,None,100,0,0,0
None,None,None,None,0,0,0,0
None,None,None,None,0,0,0,0
None,None,None,None,0,0,0,0
None,14,20,None,0,41,58,0
None,None,None,None,0,0,0,0
None,None,None,None,0,0,0,0
None,None,None,None,0,0,0,0
None,None,None,None,0,0,0,0
None,None,None,None,0,0,0,0
None,None,None,None,0,0,0,0
None,None,None,None,0,0,0,0
12,105,50,None,7,62,29,0
None,None,None,None,0,0,0,0
None,None,None,None,0,0,0,0
None,25,34,None,0,42,57,0
None,None,None,None,0,0,0,0
None,None,None,None,0,0,0,0
None,None,None,None,0,0,0,0
None,None,None,None,0,0,0,0
None,None,None,None,0,0,0,0
None,None,None,None,0,0,0,0
None,671,194,None,0,77,22,0
None,None,None,None,0,0,0,0
None,None,None,None,0,0,0,0
None,None,62,None,0,0,100,0
None,23,None,None,0,100,0,0
None,None,None,None,0,0,0,0
None,None,None,None,0,0,0,0
None,None,None,None,0,0,0,0
None,None,None,None,0,0,0,0
None,None,None,None,0,0,0,0
None,None,None,None,0,0,0,0
None,None,None,None,0,0,0,0
None,None,None,None,0,0,0,0
93,11,None,None,88,11,0,0
None,None,None,None,0,0,0,0
None,None,None,None,0,0,0,0
None,None,None,None,0,0,0,0
476,247,326,3,45,23,31,0
None,None,None,None,0,0,0,0
97,146,30,None,35,53,11,0
None,None,None,None,0,0,0,0
None,None,None,None,0,0,0,0
20,None,None,None,100,0,0,0
None,None,None,None,0,0,0,0
None,None,None,None,0,0,0,0
110,None,302,None,26,0,73,0
None,None,None,None,0,0,0,0
None,None,None,None,0,0,0,0
28,94,231,None,7,26,65,0
None,71,None,None,0,100,0,0
None,None,25,None,0,0,100,0
None,None,None,None,0,0,0,0
71,111,None,None,38,61,0,0
667,1032,334,1,32,50,16,0
None,None,None,None,0,0,0,0
None,None,None,None,0,0,0,0
None,None,74,None,0,0,100,0
None,21,None,None,0,100,0,0
None,None,None,None,0,0,0,0
None,None,None,None,0,0,0,0
None,None,None,None,0,0,0,0
None,None,None,None,0,0,0,0
190,58,None,None,76,23,0,0
None,None,None,None,0,0,0,0
None,None,None,None,0,0,0,0
None,None,None,None,0,0,0,0
None,25,140,None,0,15,84,0
None,None,None,None,0,0,0,0
48,115,None,None,29,70,0,0
None,None,None,None,0,0,0,0
None,None,None,None,0,0,0,0
67,77,94,None,28,32,39,0
None,None,None,None,0,0,0,0
63,24,50,None,46,17,36,0
None,None,None,None,0,0,0,0
None,None,None,None,0,0,0,0
None,None,None,None,0,0,0,0
None,None,None,None,0,0,0,0
None,None,None,None,0,0,0,0
None,None,None,None,0,0,0,0
None,None,None,None,0,0,0,0
None,None,None,None,0,0,0,0
None,14,None,None,0,100,0,0
312,155,4,None,66,32,0,0
None,None,None,None,0,0,0,0
None,None,None,None,0,0,0,0
None,None,None,None,0,0,0,0
None,None,None,None,0,0,0,0
None,None,None,None,0,0,0,0
None,None,None,None,0,0,0,0
None,None,None,None,0,0,0,0
None,None,None,None,0,0,0,0
None,None,None,None,0,0,0,0
None,None,None,None,0,0,0,0
32,155,212,None,8,38,53,0
None,None,None,None,0,0,0,0
57,80,None,None,41,58,0,0
None,None,None,None,0,0,0,0
None,None,None,None,0,0,0,0
None,None,None,None,0,0,0,0
None,None,None,None,0,0,0,0
None,None,None,None,0,0,0,0
None,None,None,None,0,0,0,0
None,None,None,None,0,0,0,0
None,None,None,None,0,0,0,0
None,None,None,None,0,0,0,0
None,None,None,None,0,0,0,0
None,None,None,None,0,0,0,0
None,None,None,None,0,0,0,0
None,None,None,None,0,0,0,0
None,None,None,None,0,0,0,0
132,None,None,None,100,0,0,0
74,None,92,None,44,0,55,0
None,None,None,None,0,0,0,0
None,None,None,None,0,0,0,0
None,None,None,None,0,0,0,0
None,None,None,None,0,0,0,0
60,98,108,None,22,36,40,0
144,None,328,None,30,0,69,0
9,11,12,None,28,35,36,0
None,None,None,None,0,0,0,0
31,None,None,None,100,0,0,0
None,None,None,None,0,0,0,0
None,None,None,None,0,0,0,0
None,None,None,None,0,0,0,0
None,None,None,None,0,0,0,0
None,None,None,None,0,0,0,0
None,None,5,None,0,0,100,0
None,None,None,None,0,0,0,0
None,None,None,None,0,0,0,0
None,None,None,None,0,0,0,0
74,10,25,None,67,9,22,0
None,None,None,None,0,0,0,0
None,None,None,None,0,0,0,0
None,None,None,None,0,0,0,0
None,None,None,None,0,0,0,0
None,69,8,None,0,88,11,0
None,None,None,1,0,0,0,2147483647
None,None,43,1,0,0,100,2
None,None,None,None,0,0,0,0
33,None,31,None,51,0,48,0
None,None,None,None,0,0,0,0
None,73,None,None,0,100,0,0
101,None,None,None,100,0,0,0
195,457,382,None,18,44,36,0
None,None,None,None,0,0,0,0
None,None,None,None,0,0,0,0
None,None,None,None,0,0,0,0
None,None,None,None,0,0,0,0
None,61,None,None,0,100,0,0
None,None,None,None,0,0,0,0
16,None,None,None,100,0,0,0
None,None,98,None,0,0,100,0
None,44,None,None,0,100,0,0
None,None,None,None,0,0,0,0
None,None,None,None,0,0,0,0
346,274,130,1,46,36,17,0
None,None,None,None,0,0,0,0
None,None,49,None,0,0,100,0
None,None,None,None,0,0,0,0
None,None,None,None,0,0,0,0
None,None,None,None,0,0,0,0
None,None,None,None,0,0,0,0
None,None,None,None,0,0,0,0
None,None,None,None,0,0,0,0
None,None,None,None,0,0,0,0
None,None,None,None,0,0,0,0
None,None,None,None,0,0,0,0
None,None,4,None,0,0,100,0
None,None,None,None,0,0,0,0
None,None,None,None,0,0,0,0
None,None,None,None,0,0,0,0
None,None,None,None,0,0,0,0
None,None,None,None,0,0,0,0
120,None,143,None,45,0,54,0
None,None,None,None,0,0,0,0
None,None,None,None,0,0,0,0
None,None,None,None,0,0,0,0
None,None,None,None,0,0,0,0
None,None,68,None,0,0,100,0
None,None,None,None,0,0,0,0
None,None,None,None,0,0,0,0
None,None,None,None,0,0,0,0
None,None,None,None,0,0,0,0
None,None,None,None,0,0,0,0
None,None,None,None,0,0,0,0
None,None,None,None,0,0,0,0
None,None,None,None,0,0,0,0
None,None,None,None,0,0,0,0
None,None,None,None,0,0,0,0
None,None,None,None,0,0,0,0
None,None,None,None,0,0,0,0
45,None,None,None,100,0,0,0
None,None,None,None,0,0,0,0
None,None,None,None,0,0,0,0
None,None,None,1,0,0,0,2147483647
None,None,None,None,0,0,0,0
None,75,None,None,0,100,0,0
None,None,None,None,0,0,0,0
None,None,None,None,0,0,0,0
None,None,None,None,0,0,0,0
None,None,None,None,0,0,0,0
270,None,81,None,76,0,23,0
None,None,None,None,0,0,0,0
54,171,161,None,13,44,41,0
None,None,None,None,0,0,0,0
None,None,36,None,0,0,100,0
None,None,None,None,0,0,0,0
None,None,None,None,0,0,0,0
None,None,None,None,0,0,0,0
None,None,None,None,0,0,0,0
None,None,None,None,0,0,0,0
None,None,None,None,0,0,0,0
None,None,None,None,0,0,0,0
None,None,None,None,0,0,0,0
None,None,None,None,0,0,0,0
None,22,None,None,0,100,0,0
None,None,None,None,0,0,0,0
None,None,None,None,0,0,0,0
None,None,None,None,0,0,0,0
98,32,60,None,51,17,31,0
None,None,None,None,0,0,0,0
None,None,None,None,0,0,0,0
None,None,None,None,0,0,0,0
None,None,None,None,0,0,0,0
None,None,None,None,0,0,0,0
None,None,None,None,0,0,0,0
655,583,616,None,35,31,33,0
None,None,None,None,0,0,0,0
None,None,None,None,0,0,0,0
None,None,None,None,0,0,0,0
None,None,None,None,0,0,0,0
None,None,None,None,0,0,0,0
None,None,None,None,0,0,0,0
None,None,None,None,0,0,0,0
None,None,None,None,0,0,0,0
146,None,83,None,63,0,36,0
None,None,None,None,0,0,0,0
None,None,None,None,0,0,0,0
None,None,None,None,0,0,0,0
None,None,None,None,0,0,0,0
None,None,None,None,0,0,0,0
None,None,None,None,0,0,0,0
None,None,None,None,0,0,0,0
None,10,37,None,0,22,77,0
None,None,None,None,0,0,0,0
None,None,None,None,0,0,0,0
None,None,None,None,0,0,0,0
None,None,None,None,0,0,0,0
None,None,None,None,0,0,0,0
None,None,None,None,0,0,0,0
None,None,None,None,0,0,0,0
None,None,None,None,0,0,0,0
None,64,None,None,0,100,0,0
None,None,None,None,0,0,0,0
None,None,None,None,0,0,0,0
207,532,610,None,15,39,45,0
None,None,None,None,0,0,0,0
52,None,None,None,100,0,0,0
79,214,None,None,26,73,0,0
82,None,None,None,100,0,0,0
205,146,342,None,29,21,49,0
107,17,136,None,41,6,52,0
None,None,None,None,0,0,0,0
None,None,None,None,0,0,0,0
None,None,None,None,0,0,0,0
None,None,None,None,0,0,0,0
None,None,None,None,0,0,0,0
None,None,None,None,0,0,0,0
None,None,None,None,0,0,0,0
None,None,None,None,0,0,0,0
None,None,None,None,0,0,0,0
None,None,None,None,0,0,0,0
None,None,None,None,0,0,0,0
None,None,None,None,0,0,0,0
None,None,None,None,0,0,0,0
None,None,None,None,0,0,0,0
None,None,None,None,0,0,0,0
None,None,None,None,0,0,0,0
None,None,None,None,0,0,0,0
None,None,None,None,0,0,0,0
None,None,None,None,0,0,0,0
None,None,None,None,0,0,0,0
None,None,None,None,0,0,0,0
None,None,None,None,0,0,0,0
70,None,None,None,100,0,0,0
None,None,None,None,0,0,0,0
None,None,None,None,0,0,0,0
None,None,None,None,0,0,0,0
None,None,None,None,0,0,0,0
None,None,None,None,0,0,0,0
None,None,None,None,0,0,0,0
None,None,None,1,0,0,0,2147483647
14,None,None,None,100,0,0,0
None,None,None,None,0,0,0,0
None,None,None,None,0,0,0,0
None,86,None,None,0,100,0,0
None,None,17,None,0,0,100,0
None,None,None,None,0,0,0,0
None,None,None,None,0,0,0,0
None,53,None,None,0,100,0,0
None,165,24,None,0,86,13,0
64,41,None,None,60,39,0,0
None,None,None,None,0,0,0,0
None,None,None,None,0,0,0,0
None,None,None,None,0,0,0,0
3,47,None,None,6,93,0,0
None,None,None,None,0,0,0,0
None,None,None,None,0,0,0,0
None,9,None,None,0,100,0,0
127,None,214,None,37,0,62,0
None,None,None,None,0,0,0,0
None,None,None,None,0,0,0,0
None,None,None,None,0,0,0,0
None,None,124,None,0,0,100,0
556,652,1279,None,22,26,51,0
None,None,None,None,0,0,0,0
None,None,None,None,0,0,0,0
None,None,None,None,0,0,0,0
None,None,None,None,0,0,0,0
None,None,108,None,0,0,100,0
70,None,None,None,100,0,0,0
None,None,None,None,0,0,0,0
None,None,None,None,0,0,0,0
None,None,None,None,0,0,0,0
None,None,None,None,0,0,0,0
None,None,None,None,0,0,0,0
None,None,None,None,0,0,0,0
None,None,None,None,0,0,0,0
None,None,None,None,0,0,0,0
None,None,None,None,0,0,0,0
None,None,None,None,0,0,0,0
None,None,None,None,0,0,0,0
None,None,None,None,0,0,0,0
None,None,None,None,0,0,0,0
None,None,None,None,0,0,0,0
None,None,None,None,0,0,0,0
None,None,None,None,0,0,0,0
None,None,None,1,0,0,0,2147483647
None,None,None,None,0,0,0,0
None,None,None,None,0,0,0,0
None,None,None,None,0,0,0,0
None,None,None,None,0,0,0,0
None,None,None,None,0,0,0,0
None,None,None,None,0,0,0,0
None,None,None,None,0,0,0,0
None,None,None,None,0,0,0,0
None,None,None,None,0,0,0,0
None,None,None,None,0,0,0,0
None,None,None,None,0,0,0,0
None,None,None,None,0,0,0,0
None,None,None,None,0,0,0,0
None,None,None,None,0,0,0,0
None,None,None,None,0,0,0,0
None,None,None,None,0,0,0,0
None,None,None,None,0,0,0,0
None,None,None,None,0,0,0,0
None,None,None,None,0,0,0,0
None,None,None,None,0,0,0,0
None,None,None,None,0,0,0,0
80,None,None,None,100,0,0,0
None,None,None,None,0,0,0,0
None,None,None,None,0,0,0,0
None,None,None,None,0,0,0,0
55,71,96,None,24,32,43,0
None,None,None,None,0,0,0,0
211,259,303,None,27,33,39,0
None,None,None,None,0,0,0,0
None,None,None,None,0,0,0,0
222,None,368,None,37,0,62,0
None,None,None,None,0,0,0,0
1128,1653,1109,None,29,42,28,0
None,None,None,None,0,0,0,0
None,None,None,None,0,0,0,0
None,None,None,None,0,0,0,0
None,None,None,None,0,0,0,0
None,None,None,None,0,0,0,0
None,None,None,None,0,0,0,0
None,44,None,None,0,100,0,0
None,None,None,None,0,0,0,0
None,None,None,None,0,0,0,0
None,96,31,None,0,75,24,0
None,None,None,None,0,0,0,0
None,None,None,None,0,0,0,0
82,None,36,None,69,0,30,0
None,None,None,None,0,0,0,0
None,None,None,None,0,0,0,0
None,None,None,None,0,0,0,0
None,None,172,None,0,0,100,0
None,None,10,None,0,0,100,0
None,None,None,None,0,0,0,0
None,None,None,None,0,0,0,0
None,None,None,None,0,0,0,0
None,None,None,None,0,0,0,0
34,46,13,None,36,48,14,0
None,210,47,None,0,81,18,0
None,None,None,None,0,0,0,0
None,None,None,None,0,0,0,0
None,None,None,None,0,0,0,0
None,None,None,None,0,0,0,0
None,None,None,None,0,0,0,0
None,None,21,None,0,0,100,0
None,None,None,None,0,0,0,0
676,79,19,None,87,10,2,0
None,None,None,None,0,0,0,0
None,74,None,None,0,100,0,0
None,None,None,None,0,0,0,0
None,None,None,None,0,0,0,0
None,None,None,None,0,0,0,0
None,None,None,None,0,0,0,0
19,11,20,1,38,21,40,1
83,176,72,None,25,53,21,0
None,None,None,None,0,0,0,0
None,None,None,None,0,0,0,0
None,None,6,None,0,0,100,0
None,None,None,None,0,0,0,0
31,48,52,None,23,36,39,0
None,None,None,None,0,0,0,0
None,None,None,None,0,0,0,0
None,None,None,None,0,0,0,0
None,None,None,None,0,0,0,0
None,None,None,None,0,0,0,0
79,11,None,None,87,12,0,0
None,None,None,None,0,0,0,0
None,None,None,None,0,0,0,0
None,None,None,None,0,0,0,0
None,None,None,None,0,0,0,0
17,None,None,1,100,0,0,5
None,None,None,None,0,0,0,0
None,None,None,None,0,0,0,0
None,None,None,None,0,0,0,0
None,None,None,None,0,0,0,0
None,None,None,None,0,0,0,0
167,None,None,None,100,0,0,0
None,None,None,None,0,0,0,0
None,None,None,None,0,0,0,0
None,None,None,None,0,0,0,0
None,75,326,None,0,18,81,0
None,None,None,None,0,0,0,0
None,None,None,None,0,0,0,0
None,None,None,None,0,0,0,0
None,None,None,None,0,0,0,0
None,None,None,None,0,0,0,0
None,6,38,2,0,14,85,4
None,None,None,None,0,0,0,0
None,None,None,None,0,0,0,0
None,None,None,None,0,0,0,0
None,None,None,None,0,0,0,0
114,395,1068,None,7,25,67,0
None,None,None,None,0,0,0,0
None,None,None,None,0,0,0,0
15,16,44,None,20,21,58,0
None,5,38,None,0,12,87,0
None,None,None,None,0,0,0,0
None,None,None,None,0,0,0,0
None,None,None,None,0,0,0,0
None,None,None,None,0,0,0,0
None,None,None,None,0,0,0,0
None,None,None,None,0,0,0,0
None,None,None,None,0,0,0,0
None,None,None,None,0,0,0,0
None,None,None,None,0,0,0,0
None,None,None,None,0,0,0,0
None,None,None,None,0,0,0,0
None,None,None,1,0,0,0,2147483647
None,None,None,None,0,0,0,0
134,59,117,None,43,19,37,0
78,196,None,None,28,71,0,0
None,None,None,None,0,0,0,0
None,None,None,None,0,0,0,0
None,None,None,None,0,0,0,0
None,18,38,None,0,32,67,0
None,17,None,None,0,100,0,0
910,537,704,2,42,24,32,0
None,None,None,None,0,0,0,0
None,None,None,None,0,0,0,0
None,None,None,None,0,0,0,0
356,222,86,1,53,33,13,0
None,None,None,None,0,0,0,0
307,None,None,None,100,0,0,0
None,None,None,None,0,0,0,0
None,None,None,None,0,0,0,0
None,None,None,None,0,0,0,0
None,384,85,None,0,81,18,0
None,None,None,None,0,0,0,0
None,None,33,None,0,0,100,0
None,None,None,None,0,0,0,0
None,None,None,None,0,0,0,0
None,9,None,None,0,100,0,0
None,None,None,None,0,0,0,0
None,None,None,None,0,0,0,0
None,None,None,None,0,0,0,0
None,266,68,None,0,79,20,0
None,3,5,None,0,37,62,0
78,4,21,None,75,3,20,0
None,None,15,None,0,0,100,0
None,None,None,None,0,0,0,0
None,None,None,None,0,0,0,0
None,None,None,None,0,0,0,0
None,None,None,None,0,0,0,0
24,63,52,None,17,45,37,0
31,45,None,None,40,59,0,0
None,None,None,None,0,0,0,0
None,None,None,1,0,0,0,2147483647
None,None,None,None,0,0,0,0
None,None,None,None,0,0,0,0
7,41,16,None,11,63,25,0
None,None,None,None,0,0,0,0
None,None,None,None,0,0,0,0
None,None,160,None,0,0,100,0
None,None,None,None,0,0,0,0
None,None,None,None,0,0,0,0
None,None,None,None,0,0,0,0
None,None,None,None,0,0,0,0
None,None,None,None,0,0,0,0
None,None,None,None,0,0,0,0
None,None,None,None,0,0,0,0
11,None,None,None,100,0,0,0
271,203,159,None,42,32,25,0
None,None,None,None,0,0,0,0
435,245,143,None,52,29,17,0
40,None,11,None,77,0,22,0
None,None,None,None,0,0,0,0
None,None,None,None,0,0,0,0
None,None,None,None,0,0,0,0
None,None,None,None,0,0,0,0
None,None,None,None,0,0,0,0
87,65,135,None,30,22,46,0
None,None,None,None,0,0,0,0
None,None,80,None,0,0,100,0
None,None,None,None,0,0,0,0
None,None,None,None,0,0,0,0
None,None,None,None,0,0,0,0
None,None,None,None,0,0,0,0
683,390,428,None,45,25,28,0
None,None,None,None,0,0,0,0
None,None,None,None,0,0,0,0
None,None,None,None,0,0,0,0
None,None,None,None,0,0,0,0
57,None,None,None,100,0,0,0
342,1361,726,None,14,56,29,0
56,87,31,None,32,49,17,0
None,None,None,None,0,0,0,0
None,27,69,None,0,28,71,0
None,None,None,None,0,0,0,0
None,None,None,None,0,0,0,0
None,None,None,None,0,0,0,0
None,58,None,None,0,100,0,0
None,None,None,None,0,0,0,0
None,None,None,None,0,0,0,0
None,None,29,None,0,0,100,0
None,57,76,None,0,42,57,0
None,None,None,None,0,0,0,0
78,156,None,None,33,66,0,0
None,None,None,None,0,0,0,0
None,None,None,None,0,0,0,0
None,None,None,None,0,0,0,0
None,None,None,None,0,0,0,0
None,None,None,None,0,0,0,0
234,431,307,None,24,44,31,0
None,None,None,None,0,0,0,0
91,16,26,None,68,12,19,0
None,None,None,None,0,0,0,0
None,None,None,None,0,0,0,0
None,None,None,None,0,0,0,0
None,39,None,None,0,100,0,0
None,None,None,None,0,0,0,0
None,None,52,None,0,0,100,0
None,None,None,None,0,0,0,0
None,None,None,None,0,0,0,0
None,15,9,None,0,62,37,0
None,None,None,None,0,0,0,0
10,37,None,None,21,78,0,0
167,476,576,None,13,39,47,0
636,779,504,None,33,40,26,0
None,None,None,None,0,0,0,0
None,None,None,None,0,0,0,0
None,None,None,None,0,0,0,0
None,None,None,None,0,0,0,0
None,None,16,None,0,0,100,0
None,None,None,None,0,0,0,0
None,None,None,None,0,0,0,0
14,None,None,None,100,0,0,0
None,None,None,None,0,0,0,0
None,5,None,None,0,100,0,0
None,14,None,None,0,100,0,0
None,None,None,None,0,0,0,0
None,None,None,None,0,0,0,0
None,None,None,None,0,0,0,0
None,None,67,None,0,0,100,0
None,None,None,None,0,0,0,0
None,None,57,None,0,0,100,0
25,None,528,None,4,0,95,0
31,28,25,None,37,32,29,0
20,27,125,None,11,15,72,0
None,None,None,None,0,0,0,0
None,15,None,None,0,100,0,0
18,None,None,None,100,0,0,0
None,67,11,None,0,86,13,0
None,None,None,None,0,0,0,0
17,None,None,None,100,0,0,0
None,None,None,None,0,0,0,0
None,None,None,None,0,0,0,0
None,None,None,None,0,0,0,0
None,None,None,None,0,0,0,0
172,None,217,None,44,0,55,0
None,None,None,None,0,0,0,0
None,None,None,None,0,0,0,0
346,265,186,None,43,33,23,0
None,None,None,None,0,0,0,0
120,None,None,None,100,0,0,0
44,82,None,None,34,65,0,0
None,None,None,None,0,0,0,0
None,None,None,None,0,0,0,0
116,152,82,None,33,43,23,0
None,None,None,None,0,0,0,0
None,None,None,None,0,0,0,0
None,None,None,None,0,0,0,0
None,None,None,None,0,0,0,0
None,None,None,None,0,0,0,0
None,None,None,None,0,0,0,0
None,None,None,None,0,0,0,0
None,None,None,None,0,0,0,0
None,None,None,None,0,0,0,0
None,None,None,None,0,0,0,0
None,None,None,None,0,0,0,0
None,None,None,None,0,0,0,0
None,None,None,None,0,0,0,0
None,None,None,None,0,0,0,0
None,93,53,None,0,63,36,0
None,None,15,None,0,0,100,0
None,None,None,None,0,0,0,0
None,None,None,None,0,0,0,0
None,None,None,None,0,0,0,0
None,188,None,None,0,100,0,0
71,85,15,None,41,49,9,0
None,None,45,None,0,0,100,0
None,None,None,None,0,0,0,0
None,None,None,None,0,0,0,0
None,None,None,None,0,0,0,0
None,None,None,None,0,0,0,0
None,None,None,None,0,0,0,0
None,None,None,None,0,0,0,0
None,None,None,None,0,0,0,0
None,None,None,None,0,0,0,0
None,None,None,None,0,0,0,0
None,None,None,None,0,0,0,0
None,None,None,None,0,0,0,0
6,None,None,None,100,0,0,0
None,None,None,None,0,0,0,0
None,None,22,None,0,0,100,0
None,None,None,None,0,0,0,0
None,None,None,None,0,0,0,0
None,None,None,None,0,0,0,0
None,None,None,None,0,0,0,0
None,None,None,None,0,0,0,0
None,None,None,None,0,0,0,0
None,None,None,None,0,0,0,0
None,None,None,None,0,0,0,0
None,None,None,None,0,0,0,0
None,None,None,None,0,0,0,0
None,None,None,None,0,0,0,0
None,None,None,None,0,0,0,0
None,None,None,None,0,0,0,0
None,None,None,None,0,0,0,0
100,259,341,None,14,36,48,0
None,None,None,None,0,0,0,0
None,None,None,None,0,0,0,0
69,None,77,None,47,0,52,0
366,370,632,5,26,27,46,0
None,None,None,None,0,0,0,0
None,None,None,None,0,0,0,0
None,None,None,None,0,0,0,0
None,None,None,None,0,0,0,0
None,None,None,None,0,0,0,0
None,None,None,None,0,0,0,0
14,None,None,None,100,0,0,0
None,None,None,None,0,0,0,0
None,None,None,None,0,0,0,0
None,None,None,None,0,0,0,0
None,None,None,None,0,0,0,0
None,None,None,None,0,0,0,0
None,None,None,None,0,0,0,0
None,None,None,None,0,0,0,0
None,None,None,None,0,0,0,0
None,None,None,None,0,0,0,0
None,None,None,None,0,0,0,0
None,None,None,None,0,0,0,0
None,None,None,None,0,0,0,0
None,None,None,None,0,0,0,0
None,None,None,None,0,0,0,0
None,None,None,None,0,0,0,0
None,None,None,None,0,0,0,0
None,None,None,None,0,0,0,0
None,6,None,None,0,100,0,0
None,None,None,None,0,0,0,0
214,160,85,None,46,34,18,0
13,None,None,None,100,0,0,0
None,None,None,None,0,0,0,0
None,10,None,None,0,100,0,0
None,None,None,None,0,0,0,0
None,24,None,None,0,100,0,0
None,None,231,None,0,0,100,0
None,None,None,None,0,0,0,0
None,None,None,None,0,0,0,0
None,None,None,None,0,0,0,0
None,8,None,None,0,100,0,0
None,99,52,None,0,65,34,0
None,None,101,1,0,0,100,0
None,17,None,None,0,100,0,0
12,None,17,None,41,0,58,0
None,None,None,None,0,0,0,0
None,None,None,None,0,0,0,0
None,None,None,None,0,0,0,0
67,None,None,None,100,0,0,0
None,None,51,None,0,0,100,0
None,None,None,None,0,0,0,0
None,None,None,None,0,0,0,0
None,None,None,None,0,0,0,0
235,None,None,None,100,0,0,0
None,None,None,None,0,0,0,0
112,154,59,None,34,47,18,0
83,77,None,None,51,48,0,0
168,None,None,None,100,0,0,0
None,79,None,None,0,100,0,0
None,None,None,None,0,0,0,0
None,None,None,None,0,0,0,0
12,None,None,None,100,0,0,0
None,None,None,None,0,0,0,0
None,None,None,None,0,0,0,0
None,None,170,None,0,0,100,0
144,302,238,1,21,44,34,0
6,None,None,None,100,0,0,0
None,None,None,None,0,0,0,0
39,None,None,None,100,0,0,0
None,None,None,None,0,0,0,0
None,None,None,None,0,0,0,0
None,None,None,None,0,0,0,0
None,None,None,None,0,0,0,0
None,None,None,None,0,0,0,0
None,None,5,None,0,0,100,0
None,None,26,None,0,0,100,0
3,316,76,None,0,79,19,0
None,None,None,None,0,0,0,0
181,300,287,1,23,39,37,0
None,None,None,None,0,0,0,0
None,None,None,None,0,0,0,0
None,None,None,None,0,0,0,0
None,None,None,None,0,0,0,0
None,None,None,2,0,0,0,2147483647
None,None,None,None,0,0,0,0
26,None,None,None,100,0,0,0
39,None,None,None,100,0,0,0
None,None,None,None,0,0,0,0
None,None,None,None,0,0,0,0
None,None,None,None,0,0,0,0
None,None,None,None,0,0,0,0
None,None,None,None,0,0,0,0
661,414,985,1,32,20,47,0
None,132,None,None,0,100,0,0
None,None,None,None,0,0,0,0
None,None,None,None,0,0,0,0
None,None,None,None,0,0,0,0
49,None,45,None,51,0,48,0
None,70,12,None,0,85,14,0
None,None,None,None,0,0,0,0
None,None,None,None,0,0,0,0
None,None,None,None,0,0,0,0
None,None,None,None,0,0,0,0
None,None,None,None,0,0,0,0
19,43,None,None,30,69,0,0
None,None,None,None,0,0,0,0
None,None,None,None,0,0,0,0
None,None,None,None,0,0,0,0
None,None,8,1,0,0,100,12
None,None,28,None,0,0,100,0
None,None,None,None,0,0,0,0
None,26,76,None,0,25,74,0
None,None,None,None,0,0,0,0
None,None,None,None,0,0,0,0
None,None,None,None,0,0,0,0
None,None,None,None,0,0,0,0
None,None,None,None,0,0,0,0
None,None,None,None,0,0,0,0
None,None,None,None,0,0,0,0
84,None,None,None,100,0,0,0
None,None,12,None,0,0,100,0
None,None,None,None,0,0,0,0
None,None,None,None,0,0,0,0
None,None,None,None,0,0,0,0
None,None,140,None,0,0,100,0
113,25,78,None,52,11,36,0
None,None,None,None,0,0,0,0
None,None,None,None,0,0,0,0
59,207,182,None,13,46,40,0
None,None,None,None,0,0,0,0
None,29,None,None,0,100,0,0
107,None,315,None,25,0,74,0
51,None,47,None,51,0,48,0
None,None,None,None,0,0,0,0
None,None,None,None,0,0,0,0
None,None,None,None,0,0,0,0
None,None,None,None,0,0,0,0
None,19,None,None,0,100,0,0
None,None,None,None,0,0,0,0
None,90,158,None,0,36,63,0
None,29,92,None,0,24,75,0
None,None,None,None,0,0,0,0
17,505,151,1,2,74,22,0
None,None,None,None,0,0,0,0
None,None,None,None,0,0,0,0
None,None,None,None,0,0,0,0
None,None,None,None,0,0,0,0
None,None,None,None,0,0,0,0
None,None,None,None,0,0,0,0
None,None,None,None,0,0,0,0
None,None,None,None,0,0,0,0
None,None,None,None,0,0,0,0
None,None,None,None,0,0,0,0
None,None,None,None,0,0,0,0
None,None,None,None,0,0,0,0
None,100,None,None,0,100,0,0
None,None,None,None,0,0,0,0
None,None,None,None,0,0,0,0
None,None,None,None,0,0,0,0
None,None,None,None,0,0,0,0
None,None,None,None,0,0,0,0
None,None,None,None,0,0,0,0
None,None,28,None,0,0,100,0
None,None,None,None,0,0,0,0
None,None,None,None,0,0,0,0
22,None,44,None,33,0,66,0
None,107,113,None,0,48,51,0
None,None,None,None,0,0,0,0
None,58,24,None,0,70,29,0
98,84,46,None,42,36,20,0
None,89,None,None,0,100,0,0
None,62,14,None,0,81,18,0
98,None,None,None,100,0,0,0
None,None,30,None,0,0,100,0
128,32,75,None,54,13,31,0
None,None,None,None,0,0,0,0
None,None,3,None,0,0,100,0
None,None,None,None,0,0,0,0
None,None,None,None,0,0,0,0
None,16,None,None,0,100,0,0
36,None,None,None,100,0,0,0
None,None,None,None,0,0,0,0
None,None,None,None,0,0,0,0
None,None,None,None,0,0,0,0
None,38,20,None,0,65,34,0
None,None,None,None,0,0,0,0
None,32,None,None,0,100,0,0
None,3,None,None,0,100,0,0
None,None,None,None,0,0,0,0
47,32,85,None,28,19,51,0
None,None,None,None,0,0,0,0
None,None,None,None,0,0,0,0
None,None,None,None,0,0,0,0
None,None,48,None,0,0,100,0
None,None,13,None,0,0,100,0
None,None,None,None,0,0,0,0
None,None,None,None,0,0,0,0
8,30,None,None,21,78,0,0
None,26,None,None,0,100,0,0
None,93,36,None,0,71,28,0
None,None,None,None,0,0,0,0
None,None,None,None,0,0,0,0
None,18,118,None,0,13,86,0
312,81,89,None,64,16,18,0
None,None,None,None,0,0,0,0
None,None,None,None,0,0,0,0
None,None,None,None,0,0,0,0
None,None,None,None,0,0,0,0
None,None,None,None,0,0,0,0
None,None,90,None,0,0,100,0
None,None,None,None,0,0,0,0
None,None,None,1,0,0,0,2147483647
None,None,None,None,0,0,0,0
None,17,8,None,0,66,33,0
None,None,None,None,0,0,0,0
None,None,None,None,0,0,0,0
None,None,None,None,0,0,0,0
None,None,None,None,0,0,0,0
None,None,35,None,0,0,100,0
None,None,None,None,0,0,0,0
None,None,None,None,0,0,0,0
342,497,74,None,37,54,8,0
11,None,None,1,100,0,0,8
None,None,59,None,0,0,100,0
None,None,None,None,0,0,0,0
None,None,None,None,0,0,0,0
None,None,None,None,0,0,0,0
None,None,None,None,0,0,0,0
None,None,None,None,0,0,0,0
None,None,None,None,0,0,0,0
None,73,None,None,0,100,0,0
72,201,326,None,12,33,54,0
None,None,None,None,0,0,0,0
None,None,None,None,0,0,0,0
None,None,None,1,0,0,0,2147483647
9,30,47,None,11,34,54,0
None,None,None,None,0,0,0,0
None,None,None,None,0,0,0,0
None,None,None,None,0,0,0,0
None,None,None,None,0,0,0,0
73,235,217,None,13,44,41,0
374,None,None,2,100,0,0,0
None,None,None,None,0,0,0,0
None,None,None,None,0,0,0,0
None,None,None,None,0,0,0,0
None,None,None,None,0,0,0,0
None,None,None,None,0,0,0,0
None,None,None,None,0,0,0,0
None,None,23,None,0,0,100,0
None,213,None,None,0,100,0,0
None,None,None,None,0,0,0,0
None,None,None,None,0,0,0,0
None,None,None,None,0,0,0,0
None,None,None,None,0,0,0,0
35,None,101,None,26,0,73,0
224,291,331,None,26,34,39,0
None,None,None,None,0,0,0,0
None,None,None,None,0,0,0,0
50,193,None,None,20,79,0,0
None,None,None,None,0,0,0,0
None,None,None,None,0,0,0,0
None,None,None,None,0,0,0,0
None,None,None,None,0,0,0,0
None,None,None,None,0,0,0,0
None,20,None,None,0,100,0,0
None,None,None,None,0,0,0,0
None,106,None,None,0,100,0,0
16,95,None,None,14,85,0,0
None,None,None,None,0,0,0,0
None,None,None,None,0,0,0,0
28,None,None,None,100,0,0,0
None,None,20,None,0,0,100,0
184,129,256,None,32,22,44,0
None,None,None,None,0,0,0,0
None,None,None,None,0,0,0,0
None,None,153,None,0,0,100,0
None,None,None,None,0,0,0,0
None,None,None,None,0,0,0,0
None,4,None,None,0,100,0,0
None,None,None,None,0,0,0,0
None,None,None,None,0,0,0,0
None,None,None,None,0,0,0,0
16,None,None,None,100,0,0,0
None,None,None,None,0,0,0,0
None,None,None,None,0,0,0,0
None,None,26,None,0,0,100,0
299,292,225,None,36,35,27,0
None,None,None,None,0,0,0,0
None,None,None,None,0,0,0,0
532,349,623,None,35,23,41,0
None,None,None,None,0,0,0,0
None,None,None,None,0,0,0,0
None,None,None,None,0,0,0,0
None,None,None,None,0,0,0,0
None,None,None,None,0,0,0,0
None,None,None,None,0,0,0,0
None,None,None,None,0,0,0,0
None,None,None,None,0,0,0,0
154,148,217,None,29,28,41,0
None,362,8,None,0,97,2,0
None,None,None,None,0,0,0,0
None,None,None,None,0,0,0,0
None,None,None,None,0,0,0,0
31,None,None,None,100,0,0,0
None,25,None,None,0,100,0,0
44,None,None,None,100,0,0,0
36,None,None,None,100,0,0,0
4,84,None,None,4,95,0,0
None,None,None,None,0,0,0,0
None,None,None,None,0,0,0,0
None,None,None,None,0,0,0,0
None,35,None,None,0,100,0,0
None,None,None,None,0,0,0,0
None,None,None,None,0,0,0,0
None,None,None,None,0,0,0,0
None,80,88,None,0,47,52,0
None,None,None,None,0,0,0,0
None,None,None,None,0,0,0,0
None,None,None,None,0,0,0,0
None,None,None,None,0,0,0,0
None,None,47,None,0,0,100,0
57,None,23,None,70,0,29,0
None,50,198,None,0,20,79,0
None,None,None,None,0,0,0,0
None,None,None,None,0,0,0,0
None,50,54,None,0,47,52,0
None,None,None,None,0,0,0,0
132,359,746,None,10,29,60,0
None,None,None,None,0,0,0,0
None,None,None,None,0,0,0,0
None,None,None,None,0,0,0,0
None,13,4,None,0,75,24,0
None,None,None,None,0,0,0,0
None,None,9,None,0,0,100,0
None,None,None,None,0,0,0,0
None,121,None,None,0,100,0,0
None,None,None,None,0,0,0,0
None,None,None,None,0,0,0,0
None,None,None,None,0,0,0,0
None,None,96,None,0,0,100,0
None,None,None,None,0,0,0,0
None,None,None,None,0,0,0,0
None,None,None,None,0,0,0,0
None,None,174,None,0,0,100,0
None,None,None,None,0,0,0,0
37,None,None,None,100,0,0,0
None,None,None,None,0,0,0,0
None,None,None,None,0,0,0,0
None,None,None,None,0,0,0,0
None,None,None,None,0,0,0,0
None,None,None,None,0,0,0,0
57,192,47,None,19,64,15,0
None,None,None,None,0,0,0,0
None,84,None,None,0,100,0,0
None,None,None,None,0,0,0,0
None,None,None,None,0,0,0,0
None,None,None,None,0,0,0,0
35,124,26,None,18,66,14,0
None,None,None,None,0,0,0,0
None,None,None,None,0,0,0,0
None,None,None,None,0,0,0,0
None,None,None,None,0,0,0,0
None,8,None,1,0,100,0,11
None,None,24,1,0,0,100,4
17,35,None,None,32,67,0,0
None,None,65,1,0,0,100,1
87,35,None,None,71,28,0,0
None,None,None,None,0,0,0,0
None,None,None,None,0,0,0,0
None,50,119,None,0,29,70,0
134,79,28,None,55,32,11,0
216,None,None,None,100,0,0,0
None,None,None,None,0,0,0,0
132,195,447,None,17,25,57,0
None,None,None,None,0,0,0,0
None,None,None,None,0,0,0,0
None,None,None,None,0,0,0,0
None,None,None,None,0,0,0,0
None,None,None,None,0,0,0,0
170,47,108,None,52,14,33,0
None,None,None,None,0,0,0,0
None,8,None,None,0,100,0,0
None,None,None,None,0,0,0,0
None,None,None,None,0,0,0,0
256,None,196,None,56,0,43,0
None,None,None,None,0,0,0,0
69,64,27,None,42,39,17,0
159,None,None,None,100,0,0,0
None,13,None,None,0,100,0,0
None,None,None,None,0,0,0,0
None,None,None,None,0,0,0,0
None,None,None,None,0,0,0,0
185,306,341,1,22,36,41,0
None,None,19,None,0,0,100,0
None,None,None,None,0,0,0,0
None,67,42,None,0,61,38,0
None,None,None,None,0,0,0,0
None,None,None,None,0,0,0,0
None,None,None,None,0,0,0,0
None,None,None,None,0,0,0,0
24,26,23,None,33,35,31,0
63,None,None,None,100,0,0,0
None,60,107,None,0,36,63,0
None,None,None,None,0,0,0,0
None,None,None,None,0,0,0,0
None,10,None,None,0,100,0,0
None,None,None,None,0,0,0,0
23,None,None,None,100,0,0,0
311,432,453,2,26,36,37,0
None,None,None,None,0,0,0,0
None,None,124,None,0,0,100,0
None,None,None,None,0,0,0,0
None,None,None,None,0,0,0,0
None,None,31,None,0,0,100,0
None,None,None,None,0,0,0,0
None,None,None,None,0,0,0,0
None,None,None,None,0,0,0,0
None,None,None,None,0,0,0,0
None,None,None,None,0,0,0,0
None,None,None,None,0,0,0,0
None,None,None,None,0,0,0,0
None,None,None,None,0,0,0,0
None,None,26,None,0,0,100,0
None,None,None,None,0,0,0,0
None,None,None,None,0,0,0,0
None,None,None,None,0,0,0,0
None,None,None,None,0,0,0,0
None,None,None,None,0,0,0,0
None,None,None,None,0,0,0,0
None,None,None,None,0,0,0,0
None,None,None,None,0,0,0,0
None,None,None,None,0,0,0,0
None,None,None,None,0,0,0,0
None,None,43,None,0,0,100,0
None,None,None,None,0,0,0,0
None,None,None,None,0,0,0,0
None,None,None,None,0,0,0,0
None,None,None,None,0,0,0,0
None,None,None,None,0,0,0,0
281,303,108,None,40,43,15,0
None,None,None,None,0,0,0,0
None,None,None,None,0,0,0,0
None,None,None,None,0,0,0,0
None,41,None,None,0,100,0,0
None,None,None,None,0,0,0,0
None,None,None,None,0,0,0,0
None,None,None,None,0,0,0,0
None,None,None,None,0,0,0,0
None,None,None,None,0,0,0,0
None,41,16,None,0,72,27,0
None,None,None,None,0,0,0,0
None,None,25,None,0,0,100,0
169,618,405,None,14,51,33,0
None,None,None,None,0,0,0,0
None,None,None,None,0,0,0,0
None,None,None,None,0,0,0,0
None,None,None,None,0,0,0,0
None,None,None,None,0,0,0,0
None,32,None,None,0,100,0,0
None,None,None,None,0,0,0,0
252,29,91,None,67,7,24,0
None,None,None,None,0,0,0,0
None,None,None,None,0,0,0,0
None,None,None,1,0,0,0,2147483647
None,397,204,None,0,66,33,0
None,None,None,None,0,0,0,0
None,128,46,None,0,73,26,0
None,None,None,None,0,0,0,0
None,None,None,None,0,0,0,0
None,None,None,None,0,0,0,0
490,1237,897,None,18,47,34,0
156,105,455,None,21,14,63,0
761,701,745,None,34,31,33,0
95,218,134,None,21,48,29,0
None,None,None,None,0,0,0,0
None,None,None,None,0,0,0,0
None,None,None,None,0,0,0,0
None,None,None,None,0,0,0,0
None,None,None,None,0,0,0,0
35,8,59,None,34,8,57,0
None,None,None,None,0,0,0,0
120,73,50,None,49,30,20,0
None,None,None,None,0,0,0,0
None,157,194,None,0,44,55,0
None,None,None,None,0,0,0,0
None,None,None,None,0,0,0,0
None,None,None,None,0,0,0,0
None,None,None,None,0,0,0,0
62,147,99,None,20,47,32,0
None,None,None,None,0,0,0,0
None,None,None,None,0,0,0,0
None,None,None,None,0,0,0,0
None,None,None,None,0,0,0,0
None,21,91,None,0,19,80,0
None,None,None,None,0,0,0,0
None,None,None,None,0,0,0,0
243,None,None,None,100,0,0,0
None,None,None,None,0,0,0,0
135,68,212,None,32,16,50,0
None,None,None,None,0,0,0,0
None,8,None,None,0,100,0,0
None,None,None,None,0,0,0,0
10,36,33,None,13,45,41,0
None,52,None,None,0,100,0,0
None,None,None,None,0,0,0,0
41,None,None,None,100,0,0,0
None,None,None,None,0,0,0,0
None,None,None,None,0,0,0,0
None,None,None,None,0,0,0,0
None,None,None,None,0,0,0,0
None,None,None,None,0,0,0,0
None,None,141,None,0,0,100,0
None,None,79,None,0,0,100,0
None,None,None,None,0,0,0,0
119,None,None,None,100,0,0,0
None,None,None,None,0,0,0,0
39,14,86,None,28,10,61,0
None,79,None,None,0,100,0,0
None,None,None,None,0,0,0,0
None,50,None,None,0,100,0,0
None,None,None,None,0,0,0,0
None,None,None,None,0,0,0,0
10,None,16,None,39,0,60,0
None,None,None,None,0,0,0,0
None,None,57,None,0,0,100,0
715,404,407,None,46,26,26,0
None,None,None,None,0,0,0,0
None,None,None,None,0,0,0,0
None,None,None,None,0,0,0,0
None,None,None,None,0,0,0,0
47,102,108,None,18,39,41,0
None,None,266,None,0,0,100,0
None,None,None,None,0,0,0,0
None,None,None,None,0,0,0,0
None,None,None,None,0,0,0,0
None,None,55,None,0,0,100,0
None,None,None,None,0,0,0,0
54,None,None,None,100,0,0,0
118,54,82,None,46,21,32,0
None,None,None,None,0,0,0,0
None,None,None,None,0,0,0,0
None,None,None,None,0,0,0,0
None,None,None,None,0,0,0,0
None,None,None,None,0,0,0,0
None,None,None,None,0,0,0,0
None,None,None,None,0,0,0,0
None,None,None,None,0,0,0,0
None,None,None,None,0,0,0,0
None,None,None,None,0,0,0,0
None,None,None,None,0,0,0,0
None,None,None,None,0,0,0,0
None,None,None,None,0,0,0,0
None,None,None,None,0,0,0,0
None,None,None,None,0,0,0,0
152,None,None,None,100,0,0,0
None,26,None,None,0,100,0,0
None,None,134,None,0,0,100,0
None,None,None,None,0,0,0,0
None,None,None,None,0,0,0,0
None,31,None,None,0,100,0,0
None,None,None,None,0,0,0,0
None,None,None,None,0,0,0,0
None,54,43,None,0,55,44,0
None,None,None,None,0,0,0,0
None,None,None,None,0,0,0,0
None,None,None,None,0,0,0,0
None,None,None,None,0,0,0,0
None,15,8,4,0,63,36,16
None,None,None,None,0,0,0,0
None,None,None,None,0,0,0,0
None,None,None,None,0,0,0,0
None,None,None,None,0,0,0,0
None,None,None,None,0,0,0,0
61,None,None,None,100,0,0,0
None,None,None,None,0,0,0,0
None,None,None,1,0,0,0,2147483647
None,None,52,None,0,0,100,0
None,None,None,None,0,0,0,0
None,None,None,None,0,0,0,0
None,None,None,None,0,0,0,0
None,None,None,None,0,0,0,0
None,None,None,None,0,0,0,0
None,None,None,None,0,0,0,0
None,12,None,None,0,100,0,0
None,None,None,None,0,0,0,0
None,None,None,None,0,0,0,0
None,51,None,None,0,100,0,0
None,None,None,None,0,0,0,0
None,None,None,None,0,0,0,0
None,None,None,None,0,0,0,0
None,None,4,None,0,0,100,0
None,None,None,None,0,0,0,0
None,None,None,None,0,0,0,0
None,None,None,None,0,0,0,0
None,None,None,None,0,0,0,0
None,3,27,None,0,10,89,0
None,None,None,None,0,0,0,0
None,None,35,None,0,0,100,0
None,None,None,None,0,0,0,0
None,None,None,None,0,0,0,0
None,None,None,None,0,0,0,0
None,None,None,None,0,0,0,0
74,46,59,None,41,25,32,0
None,None,None,None,0,0,0,0
46,None,None,None,100,0,0,0
None,None,None,None,0,0,0,0
149,66,513,None,20,9,70,0
None,None,None,None,0,0,0,0
None,None,None,None,0,0,0,0
None,None,None,None,0,0,0,0
None,None,None,None,0,0,0,0
None,250,224,None,0,52,47,0
None,None,None,None,0,0,0,0
None,None,None,None,0,0,0,0
None,None,None,None,0,0,0,0
97,None,None,None,100,0,0,0
None,None,None,None,0,0,0,0
None,None,None,None,0,0,0,0
None,56,79,None,0,41,58,0
None,None,None,1,0,0,0,2147483647
None,None,None,None,0,0,0,0
None,None,None,None,0,0,0,0
101,116,115,None,30,34,34,0
None,None,None,None,0,0,0,0
None,None,None,None,0,0,0,0
None,58,None,None,0,100,0,0
None,None,None,None,0,0,0,0
None,None,None,None,0,0,0,0
38,144,167,None,10,41,47,0
None,None,None,None,0,0,0,0
None,None,None,None,0,0,0,0
None,6,None,None,0,100,0,0
None,None,None,None,0,0,0,0
None,None,112,None,0,0,100,0
8,None,8,None,50,0,49,0
None,None,None,None,0,0,0,0
None,15,None,None,0,100,0,0
None,None,None,None,0,0,0,0
None,None,None,None,0,0,0,0
None,None,None,None,0,0,0,0
None,None,None,None,0,0,0,0
46,None,None,None,100,0,0,0
None,None,None,None,0,0,0,0
112,None,None,None,100,0,0,0
47,32,54,None,35,23,40,0
None,None,None,None,0,0,0,0
None,None,None,None,0,0,0,0
None,None,None,None,0,0,0,0
None,None,None,1,0,0,0,2147483647
None,None,None,None,0,0,0,0
None,None,None,None,0,0,0,0
None,None,None,None,0,0,0,0
None,None,None,None,0,0,0,0
None,None,None,None,0,0,0,0
108,None,None,None,100,0,0,0
None,None,None,None,0,0,0,0
None,None,None,None,0,0,0,0
157,746,41,None,16,78,4,0
5,None,52,None,9,0,90,0
None,254,None,None,0,100,0,0
None,None,None,None,0,0,0,0
None,None,None,None,0,0,0,0
4,None,33,None,10,0,89,0
None,None,None,None,0,0,0,0
None,None,None,None,0,0,0,0
None,None,None,None,0,0,0,0
